0 7 14 2 11 3 3 10 9 4 13 17 6 13 5 13 2 12 12 16 9 7 12 1 12 20 10 15 5 14 6 19 8 10 7 11 1 1 10 4 5 2 7 13 8 18 6 5 4 6
7 0 21 9 18 4 10 17 2 11 6 24 13 20 4 20 5 19 5 23 16 14 19 6 5 27 3 22 12 7 13 26 15 17 14 4 8 8 3 3 2 9 14 20 1 25 13 12 11 1
14 21 0 14 3 17 11 4 23 12 27 3 8 5 19 1 16 2 26 2 5 7 4 15 26 6 24 1 9 28 12 5 6 6 13 25 13 15 24 18 19 12 13 5 22 4 12 11 10 20
2 9 14 0 11 5 3 10 11 4 15 17 6 13 7 13 4 12 14 16 9 7 12 3 14 20 12 15 5 16 6 19 8 10 7 13 1 3 12 6 7 2 7 13 10 18 6 5 4 8
11 18 3 11 0 14 8 1 20 9 24 6 5 2 16 2 13 1 23 5 2 4 1 12 23 9 21 4 6 25 9 8 3 3 10 22 10 12 21 15 16 9 10 2 19 7 9 8 7 17
3 4 17 5 14 0 6 13 6 7 10 20 9 16 2 16 1 15 9 19 12 10 15 2 9 23 7 18 8 11 9 22 11 13 10 8 4 4 7 1 2 5 10 16 5 21 9 8 7 3
3 10 11 3 8 6 0 7 12 1 16 14 3 10 8 10 5 9 15 13 6 4 9 4 15 17 13 12 2 17 3 16 5 7 4 14 2 4 13 7 8 1 4 10 11 15 3 2 1 9
10 17 4 10 1 13 7 0 19 8 23 7 4 3 15 3 12 2 22 6 1 3 2 11 22 10 20 5 5 24 8 9 2 2 9 21 9 11 20 14 15 8 9 3 18 8 8 7 6 16
9 2 23 11 20 6 12 19 0 13 4 26 15 22 6 22 7 21 3 25 18 16 21 8 3 29 1 24 14 5 15 28 17 19 16 2 10 10 1 5 4 11 16 22 1 27 15 14 13 3
4 11 12 4 9 7 1 8 13 0 17 15 4 11 9 11 6 10 16 14 7 5 10 5 16 18 14 13 3 18 4 17 6 8 5 15 3 5 14 8 9 2 5 11 12 16 4 3 2 10
13 6 27 15 24 10 16 23 4 17 0 30 19 26 10 26 11 25 3 29 22 20 25 12 1 33 5 28 18 1 19 32 21 23 20 2 14 14 3 9 8 15 20 26 5 31 19 18 17 7
17 24 3 17 6 20 14 7 26 15 30 0 11 8 22 4 19 5 29 1 8 10 7 18 29 3 27 2 12 31 15 2 9 9 16 28 16 18 27 21 22 15 16 8 25 1 15 14 13 23
6 13 8 6 5 9 3 4 15 4 19 11 0 7 11 7 8 6 18 10 3 1 6 7 18 14 16 9 1 20 4 13 2 4 5 17 5 7 16 10 11 4 5 7 14 12 4 3 2 12
13 20 5 13 2 16 10 3 22 11 26 8 7 0 18 4 15 3 25 7 4 6 1 14 25 11 23 6 8 27 11 10 5 5 12 24 12 14 23 17 18 11 12 2 21 9 11 10 9 19
5 4 19 7 16 2 8 15 6 9 10 22 11 18 0 18 3 17 9 21 14 12 17 4 9 25 7 20 10 11 11 24 13 15 12 8 6 6 7 1 2 7 12 18 5 23 11 10 9 3
13 20 1 13 2 16 10 3 22 11 26 4 7 4 18 0 15 1 25 3 4 6 3 14 25 7 23 2 8 27 11 6 5 5 12 24 12 14 23 17 18 11 12 4 21 5 11 10 9 19
2 5 16 4 13 1 5 12 7 6 11 19 8 15 3 15 0 14 10 18 11 9 14 1 10 22 8 17 7 12 8 21 10 12 9 9 3 3 8 2 3 4 9 15 6 20 8 7 6 4
12 19 2 12 1 15 9 2 21 10 25 5 6 3 17 1 14 0 24 4 3 5 2 13 24 8 22 3 7 26 10 7 4 4 11 23 11 13 22 16 17 10 11 3 20 6 10 9 8 18
12 5 26 14 23 9 15 22 3 16 3 29 18 25 9 25 10 24 0 28 21 19 24 11 2 32 4 27 17 4 18 31 20 22 19 1 13 13 2 8 7 14 19 25 4 30 18 17 16 6
16 23 2 16 5 19 13 6 25 14 29 1 10 7 21 3 18 4 28 0 7 9 6 17 28 4 26 1 11 30 14 3 8 8 15 27 15 17 26 20 21 14 15 7 24 2 14 13 12 22
9 16 5 9 2 12 6 1 18 7 22 8 3 4 14 4 11 3 21 7 0 2 3 10 21 11 19 6 4 23 7 10 1 1 8 20 8 10 19 13 14 7 8 4 17 9 7 6 5 15
7 14 7 7 4 10 4 3 16 5 20 10 1 6 12 6 9 5 19 9 2 0 5 8 19 13 17 8 2 21 5 12 1 3 6 18 6 8 17 11 12 5 6 6 15 11 5 4 3 13
12 19 4 12 1 15 9 2 21 10 25 7 6 1 17 3 14 2 24 6 3 5 0 13 24 10 22 5 7 26 10 9 4 4 11 23 11 13 22 16 17 10 11 1 20 8 10 9 8 18
1 6 15 3 12 2 4 11 8 5 12 18 7 14 4 14 1 13 11 17 10 8 13 0 11 21 9 16 6 13 7 20 9 11 8 10 2 2 9 3 4 3 8 14 7 19 7 6 5 5
12 5 26 14 23 9 15 22 3 16 1 29 18 25 9 25 10 24 2 28 21 19 24 11 0 32 4 27 17 2 18 31 20 22 19 1 13 13 2 8 7 14 19 25 4 30 18 17 16 6
20 27 6 20 9 23 17 10 29 18 33 3 14 11 25 7 22 8 32 4 11 13 10 21 32 0 30 5 15 34 18 1 12 12 19 31 19 21 30 24 25 18 19 11 28 2 18 17 16 26
10 3 24 12 21 7 13 20 1 14 5 27 16 23 7 23 8 22 4 26 19 17 22 9 4 30 0 25 15 6 16 29 18 20 17 3 11 11 2 6 5 12 17 23 2 28 16 15 14 4
15 22 1 15 4 18 12 5 24 13 28 2 9 6 20 2 17 3 27 1 6 8 5 16 27 5 25 0 10 29 13 4 7 7 14 26 14 16 25 19 20 13 14 6 23 3 13 12 11 21
5 12 9 5 6 8 2 5 14 3 18 12 1 8 10 8 7 7 17 11 4 2 7 6 17 15 15 10 0 19 3 14 3 5 4 16 4 6 15 9 10 3 4 8 13 13 3 2 1 11
14 7 28 16 25 11 17 24 5 18 1 31 20 27 11 27 12 26 4 30 23 21 26 13 2 34 6 29 19 0 20 33 22 24 21 3 15 15 4 10 9 16 21 27 6 32 20 19 18 8
6 13 12 6 9 9 3 8 15 4 19 15 4 11 11 11 8 10 18 14 7 5 10 7 18 18 16 13 3 20 0 17 6 8 1 17 5 7 16 10 11 4 3 11 14 16 2 1 2 12
19 26 5 19 8 22 16 9 28 17 32 2 13 10 24 6 21 7 31 3 10 12 9 20 31 1 29 4 14 33 17 0 11 11 18 30 18 20 29 23 24 17 18 10 27 1 17 16 15 25
8 15 6 8 3 11 5 2 17 6 21 9 2 5 13 5 10 4 20 8 1 1 4 9 20 12 18 7 3 22 6 11 0 2 7 19 7 9 18 12 13 6 7 5 16 10 6 5 4 14
10 17 6 10 3 13 7 2 19 8 23 9 4 5 15 5 12 4 22 8 1 3 4 11 22 12 20 7 5 24 8 11 2 0 9 21 9 11 20 14 15 8 9 5 18 10 8 7 6 16
7 14 13 7 10 10 4 9 16 5 20 16 5 12 12 12 9 11 19 15 8 6 11 8 19 19 17 14 4 21 1 18 7 9 0 18 6 8 17 11 12 5 4 12 15 17 3 2 3 13
11 4 25 13 22 8 14 21 2 15 2 28 17 24 8 24 9 23 1 27 20 18 23 10 1 31 3 26 16 3 17 30 19 21 18 0 12 12 1 7 6 13 18 24 3 29 17 16 15 5
1 8 13 1 10 4 2 9 10 3 14 16 5 12 6 12 3 11 13 15 8 6 11 2 13 19 11 14 4 15 5 18 7 9 6 12 0 2 11 5 6 1 6 12 9 17 5 4 3 7
1 8 15 3 12 4 4 11 10 5 14 18 7 14 6 14 3 13 13 17 10 8 13 2 13 21 11 16 6 15 7 20 9 11 8 12 2 0 11 5 6 3 8 14 9 19 7 6 5 7
10 3 24 12 21 7 13 20 1 14 3 27 16 23 7 23 8 22 2 26 19 17 22 9 2 30 2 25 15 4 16 29 18 20 17 1 11 11 0 6 5 12 17 23 2 28 16 15 14 4
4 3 18 6 15 1 7 14 5 8 9 21 10 17 1 17 2 16 8 20 13 11 16 3 8 24 6 19 9 10 10 23 12 14 11 7 5 5 6 0 1 6 11 17 4 22 10 9 8 2
5 2 19 7 16 2 8 15 4 9 8 22 11 18 2 18 3 17 7 21 14 12 17 4 7 25 5 20 10 9 11 24 13 15 12 6 6 6 5 1 0 7 12 18 3 23 11 10 9 1
2 9 12 2 9 5 1 8 11 2 15 15 4 11 7 11 4 10 14 14 7 5 10 3 14 18 12 13 3 16 4 17 6 8 5 13 1 3 12 6 7 0 5 11 10 16 4 3 2 8
7 14 13 7 10 10 4 9 16 5 20 16 5 12 12 12 9 11 19 15 8 6 11 8 19 19 17 14 4 21 3 18 7 9 4 18 6 8 17 11 12 5 0 12 15 17 1 2 3 13
13 20 5 13 2 16 10 3 22 11 26 8 7 2 18 4 15 3 25 7 4 6 1 14 25 11 23 6 8 27 11 10 5 5 12 24 12 14 23 17 18 11 12 0 21 9 11 10 9 19
8 1 22 10 19 5 11 18 1 12 5 25 14 21 5 21 6 20 4 24 17 15 20 7 4 28 2 23 13 6 14 27 16 18 15 3 9 9 2 4 3 10 15 21 0 26 14 13 12 2
18 25 4 18 7 21 15 8 27 16 31 1 12 9 23 5 20 6 30 2 9 11 8 19 30 2 28 3 13 32 16 1 10 10 17 29 17 19 28 22 23 16 17 9 26 0 16 15 14 24
6 13 12 6 9 9 3 8 15 4 19 15 4 11 11 11 8 10 18 14 7 5 10 7 18 18 16 13 3 20 2 17 6 8 3 17 5 7 16 10 11 4 1 11 14 16 0 1 2 12
5 12 11 5 8 8 2 7 14 3 18 14 3 10 10 10 7 9 17 13 6 4 9 6 17 17 15 12 2 19 1 16 5 7 2 16 4 6 15 9 10 3 2 10 13 15 1 0 1 11
4 11 10 4 7 7 1 6 13 2 17 13 2 9 9 9 6 8 16 12 5 3 8 5 16 16 14 11 1 18 2 15 4 6 3 15 3 5 14 8 9 2 3 9 12 14 2 1 0 10
6 1 20 8 17 3 9 16 3 10 7 23 12 19 3 19 4 18 6 22 15 13 18 5 6 26 4 21 11 8 12 25 14 16 13 5 7 7 4 2 1 8 13 19 2 24 12 11 10 0
