0 11 11 6 23 17 7 12 16 3 6 12 13 13 19 1 7 21 18 21 19 14 22 18 5 11 3 11 1 12 10 12 4 9 24 21 15 1 3 20 8 14 10 4 13 11 13 2 2 2
11 0 4 7 14 8 6 5 7 8 5 5 6 6 10 12 4 12 9 12 10 7 13 9 6 2 14 4 10 3 1 5 15 2 15 12 6 12 14 11 3 5 3 7 6 2 4 13 13 9
11 4 0 7 16 10 6 3 9 8 5 3 4 4 12 12 4 14 11 14 12 5 15 11 6 4 14 2 10 5 3 3 15 2 17 14 8 12 14 13 3 7 1 7 4 4 6 13 13 9
6 7 7 0 19 13 3 8 12 3 2 8 9 9 15 7 3 17 14 17 15 10 18 14 1 7 9 7 5 8 6 8 10 5 20 17 11 7 9 16 4 10 6 2 9 7 9 8 8 4
23 14 16 19 0 6 18 17 7 20 17 17 18 18 4 24 16 4 7 2 6 19 1 5 18 12 26 16 22 11 13 17 27 14 1 4 8 24 26 3 15 9 15 19 18 14 10 25 25 21
17 8 10 13 6 0 12 11 1 14 11 11 12 12 2 18 10 4 1 4 2 13 5 1 12 6 20 10 16 5 7 11 21 8 7 4 2 18 20 3 9 3 9 13 12 8 4 19 19 15
7 6 6 3 18 12 0 7 11 4 1 7 8 8 14 8 2 16 13 16 14 9 17 13 2 6 10 6 6 7 5 7 11 4 19 16 10 8 10 15 3 9 5 3 8 6 8 9 9 5
12 5 3 8 17 11 7 0 10 9 6 2 3 3 13 13 5 15 12 15 13 4 16 12 7 5 15 1 11 6 4 2 16 3 18 15 9 13 15 14 4 8 2 8 3 5 7 14 14 10
16 7 9 12 7 1 11 10 0 13 10 10 11 11 3 17 9 5 2 5 3 12 6 2 11 5 19 9 15 4 6 10 20 7 8 5 1 17 19 4 8 2 8 12 11 7 3 18 18 14
3 8 8 3 20 14 4 9 13 0 3 9 10 10 16 4 4 18 15 18 16 11 19 15 2 8 6 8 2 9 7 9 7 6 21 18 12 4 6 17 5 11 7 1 10 8 10 5 5 1
6 5 5 2 17 11 1 6 10 3 0 6 7 7 13 7 1 15 12 15 13 8 16 12 1 5 9 5 5 6 4 6 10 3 18 15 9 7 9 14 2 8 4 2 7 5 7 8 8 4
12 5 3 8 17 11 7 2 10 9 6 0 3 1 13 13 5 15 12 15 13 4 16 12 7 5 15 1 11 6 4 2 16 3 18 15 9 13 15 14 4 8 2 8 3 5 7 14 14 10
13 6 4 9 18 12 8 3 11 10 7 3 0 4 14 14 6 16 13 16 14 1 17 13 8 6 16 2 12 7 5 1 17 4 19 16 10 14 16 15 5 9 3 9 2 6 8 15 15 11
13 6 4 9 18 12 8 3 11 10 7 1 4 0 14 14 6 16 13 16 14 5 17 13 8 6 16 2 12 7 5 3 17 4 19 16 10 14 16 15 5 9 3 9 4 6 8 15 15 11
19 10 12 15 4 2 14 13 3 16 13 13 14 14 0 20 12 2 3 2 2 15 3 1 14 8 22 12 18 7 9 13 23 10 5 2 4 20 22 1 11 5 11 15 14 10 6 21 21 17
1 12 12 7 24 18 8 13 17 4 7 13 14 14 20 0 8 22 19 22 20 15 23 19 6 12 2 12 2 13 11 13 3 10 25 22 16 2 2 21 9 15 11 5 14 12 14 3 1 3
7 4 4 3 16 10 2 5 9 4 1 5 6 6 12 8 0 14 11 14 12 7 15 11 2 4 10 4 6 5 3 5 11 2 17 14 8 8 10 13 1 7 3 3 6 4 6 9 9 5
21 12 14 17 4 4 16 15 5 18 15 15 16 16 2 22 14 0 5 2 4 17 3 3 16 10 24 14 20 9 11 15 25 12 5 2 6 22 24 1 13 7 13 17 16 12 8 23 23 19
18 9 11 14 7 1 13 12 2 15 12 12 13 13 3 19 11 5 0 5 3 14 6 2 13 7 21 11 17 6 8 12 22 9 8 5 3 19 21 4 10 4 10 14 13 9 5 20 20 16
21 12 14 17 2 4 16 15 5 18 15 15 16 16 2 22 14 2 5 0 4 17 1 3 16 10 24 14 20 9 11 15 25 12 3 2 6 22 24 1 13 7 13 17 16 12 8 23 23 19
19 10 12 15 6 2 14 13 3 16 13 13 14 14 2 20 12 4 3 4 0 15 5 1 14 8 22 12 18 7 9 13 23 10 7 4 4 20 22 3 11 5 11 15 14 10 6 21 21 17
14 7 5 10 19 13 9 4 12 11 8 4 1 5 15 15 7 17 14 17 15 0 18 14 9 7 17 3 13 8 6 2 18 5 20 17 11 15 17 16 6 10 4 10 3 7 9 16 16 12
22 13 15 18 1 5 17 16 6 19 16 16 17 17 3 23 15 3 6 1 5 18 0 4 17 11 25 15 21 10 12 16 26 13 2 3 7 23 25 2 14 8 14 18 17 13 9 24 24 20
18 9 11 14 5 1 13 12 2 15 12 12 13 13 1 19 11 3 2 3 1 14 4 0 13 7 21 11 17 6 8 12 22 9 6 3 3 19 21 2 10 4 10 14 13 9 5 20 20 16
5 6 6 1 18 12 2 7 11 2 1 7 8 8 14 6 2 16 13 16 14 9 17 13 0 6 8 6 4 7 5 7 9 4 19 16 10 6 8 15 3 9 5 1 8 6 8 7 7 3
11 2 4 7 12 6 6 5 5 8 5 5 6 6 8 12 4 10 7 10 8 7 11 7 6 0 14 4 10 1 1 5 15 2 13 10 4 12 14 9 3 3 3 7 6 2 2 13 13 9
3 14 14 9 26 20 10 15 19 6 9 15 16 16 22 2 10 24 21 24 22 17 25 21 8 14 0 14 4 15 13 15 3 12 27 24 18 4 2 23 11 17 13 7 16 14 16 5 1 5
11 4 2 7 16 10 6 1 9 8 5 1 2 2 12 12 4 14 11 14 12 3 15 11 6 4 14 0 10 5 3 1 15 2 17 14 8 12 14 13 3 7 1 7 2 4 6 13 13 9
1 10 10 5 22 16 6 11 15 2 5 11 12 12 18 2 6 20 17 20 18 13 21 17 4 10 4 10 0 11 9 11 5 8 23 20 14 2 4 19 7 13 9 3 12 10 12 3 3 1
12 3 5 8 11 5 7 6 4 9 6 6 7 7 7 13 5 9 6 9 7 8 10 6 7 1 15 5 11 0 2 6 16 3 12 9 3 13 15 8 4 2 4 8 7 3 1 14 14 10
10 1 3 6 13 7 5 4 6 7 4 4 5 5 9 11 3 11 8 11 9 6 12 8 5 1 13 3 9 2 0 4 14 1 14 11 5 11 13 10 2 4 2 6 5 1 3 12 12 8
12 5 3 8 17 11 7 2 10 9 6 2 1 3 13 13 5 15 12 15 13 2 16 12 7 5 15 1 11 6 4 0 16 3 18 15 9 13 15 14 4 8 2 8 1 5 7 14 14 10
4 15 15 10 27 21 11 16 20 7 10 16 17 17 23 3 11 25 22 25 23 18 26 22 9 15 3 15 5 16 14 16 0 13 28 25 19 5 1 24 12 18 14 8 17 15 17 6 2 6
9 2 2 5 14 8 4 3 7 6 3 3 4 4 10 10 2 12 9 12 10 5 13 9 4 2 12 2 8 3 1 3 13 0 15 12 6 10 12 11 1 5 1 5 4 2 4 11 11 7
24 15 17 20 1 7 19 18 8 21 18 18 19 19 5 25 17 5 8 3 7 20 2 6 19 13 27 17 23 12 14 18 28 15 0 5 9 25 27 4 16 10 16 20 19 15 11 26 26 22
21 12 14 17 4 4 16 15 5 18 15 15 16 16 2 22 14 2 5 2 4 17 3 3 16 10 24 14 20 9 11 15 25 12 5 0 6 22 24 1 13 7 13 17 16 12 8 23 23 19
15 6 8 11 8 2 10 9 1 12 9 9 10 10 4 16 8 6 3 6 4 11 7 3 10 4 18 8 14 3 5 9 19 6 9 6 0 16 18 5 7 1 7 11 10 6 2 17 17 13
1 12 12 7 24 18 8 13 17 4 7 13 14 14 20 2 8 22 19 22 20 15 23 19 6 12 4 12 2 13 11 13 5 10 25 22 16 0 4 21 9 15 11 5 14 12 14 1 3 3
3 14 14 9 26 20 10 15 19 6 9 15 16 16 22 2 10 24 21 24 22 17 25 21 8 14 2 14 4 15 13 15 1 12 27 24 18 4 0 23 11 17 13 7 16 14 16 5 1 5
20 11 13 16 3 3 15 14 4 17 14 14 15 15 1 21 13 1 4 1 3 16 2 2 15 9 23 13 19 8 10 14 24 11 4 1 5 21 23 0 12 6 12 16 15 11 7 22 22 18
8 3 3 4 15 9 3 4 8 5 2 4 5 5 11 9 1 13 10 13 11 6 14 10 3 3 11 3 7 4 2 4 12 1 16 13 7 9 11 12 0 6 2 4 5 3 5 10 10 6
14 5 7 10 9 3 9 8 2 11 8 8 9 9 5 15 7 7 4 7 5 10 8 4 9 3 17 7 13 2 4 8 18 5 10 7 1 15 17 6 6 0 6 10 9 5 1 16 16 12
10 3 1 6 15 9 5 2 8 7 4 2 3 3 11 11 3 13 10 13 11 4 14 10 5 3 13 1 9 4 2 2 14 1 16 13 7 11 13 12 2 6 0 6 3 3 5 12 12 8
4 7 7 2 19 13 3 8 12 1 2 8 9 9 15 5 3 17 14 17 15 10 18 14 1 7 7 7 3 8 6 8 8 5 20 17 11 5 7 16 4 10 6 0 9 7 9 6 6 2
13 6 4 9 18 12 8 3 11 10 7 3 2 4 14 14 6 16 13 16 14 3 17 13 8 6 16 2 12 7 5 1 17 4 19 16 10 14 16 15 5 9 3 9 0 6 8 15 15 11
11 2 4 7 14 8 6 5 7 8 5 5 6 6 10 12 4 12 9 12 10 7 13 9 6 2 14 4 10 3 1 5 15 2 15 12 6 12 14 11 3 5 3 7 6 0 4 13 13 9
13 4 6 9 10 4 8 7 3 10 7 7 8 8 6 14 6 8 5 8 6 9 9 5 8 2 16 6 12 1 3 7 17 4 11 8 2 14 16 7 5 1 5 9 8 4 0 15 15 11
2 13 13 8 25 19 9 14 18 5 8 14 15 15 21 3 9 23 20 23 21 16 24 20 7 13 5 13 3 14 12 14 6 11 26 23 17 1 5 22 10 16 12 6 15 13 15 0 4 4
2 13 13 8 25 19 9 14 18 5 8 14 15 15 21 1 9 23 20 23 21 16 24 20 7 13 1 13 3 14 12 14 2 11 26 23 17 3 1 22 10 16 12 6 15 13 15 4 0 4
2 9 9 4 21 15 5 10 14 1 4 10 11 11 17 3 5 19 16 19 17 12 20 16 3 9 5 9 1 10 8 10 6 7 22 19 13 3 5 18 6 12 8 2 11 9 11 4 4 0
