0 11 2 6 7 11 9 1 4 13 5 11 8 16 6 4 16 3 12 1 15 18 14 9 4 10 16 10 15 19 12 2 17 10 1 18 7 14 2 13 5 3 3 8 5 17 7 2 3 11
11 0 11 5 4 18 2 12 7 20 12 18 3 7 13 11 23 10 19 12 22 25 21 16 11 17 7 3 6 26 3 9 24 1 10 25 14 5 13 4 8 8 10 15 6 8 6 13 12 2
2 11 0 6 7 11 9 3 4 13 5 11 8 16 6 4 16 3 12 3 15 18 14 9 4 10 16 10 15 19 12 2 17 10 1 18 7 14 4 13 5 3 3 8 5 17 7 4 1 11
6 5 6 0 1 13 3 7 2 15 7 13 2 10 8 6 18 5 14 7 17 20 16 11 6 12 10 4 9 21 6 4 19 4 5 20 9 8 8 7 3 3 5 10 1 11 1 8 7 5
7 4 7 1 0 14 2 8 3 16 8 14 1 9 9 7 19 6 15 8 18 21 17 12 7 13 9 3 8 22 5 5 20 3 6 21 10 7 9 6 4 4 6 11 2 10 2 9 8 4
11 18 11 13 14 0 16 12 11 2 6 2 15 23 5 7 5 10 1 12 4 7 3 2 11 1 23 17 22 8 19 9 6 17 10 7 4 21 13 20 12 10 8 3 12 24 14 13 12 18
9 2 9 3 2 16 0 10 5 18 10 16 1 7 11 9 21 8 17 10 20 23 19 14 9 15 7 1 6 24 3 7 22 1 8 23 12 5 11 4 6 6 8 13 4 8 4 11 10 2
1 12 3 7 8 12 10 0 5 14 6 12 9 17 7 5 17 4 13 2 16 19 15 10 5 11 17 11 16 20 13 3 18 11 2 19 8 15 3 14 6 4 4 9 6 18 8 1 4 12
4 7 4 2 3 11 5 5 0 13 5 11 4 12 6 4 16 3 12 5 15 18 14 9 4 10 12 6 11 19 8 2 17 6 3 18 7 10 6 9 1 1 3 8 1 13 3 6 5 7
13 20 13 15 16 2 18 14 13 0 8 4 17 25 7 9 3 12 1 14 2 5 1 4 13 3 25 19 24 6 21 11 4 19 12 5 6 23 15 22 14 12 10 5 14 26 16 15 14 20
5 12 5 7 8 6 10 6 5 8 0 6 9 17 1 1 11 4 7 6 10 13 9 4 5 5 17 11 16 14 13 3 12 11 4 13 2 15 7 14 6 4 2 3 6 18 8 7 6 12
11 18 11 13 14 2 16 12 11 4 6 0 15 23 5 7 7 10 3 12 6 9 5 2 11 1 23 17 22 10 19 9 8 17 10 9 4 21 13 20 12 10 8 3 12 24 14 13 12 18
8 3 8 2 1 15 1 9 4 17 9 15 0 8 10 8 20 7 16 9 19 22 18 13 8 14 8 2 7 23 4 6 21 2 7 22 11 6 10 5 5 5 7 12 3 9 3 10 9 3
16 7 16 10 9 23 7 17 12 25 17 23 8 0 18 16 28 15 24 17 27 30 26 21 16 22 2 8 1 31 4 14 29 6 15 30 19 2 18 3 13 13 15 20 11 3 11 18 17 5
6 13 6 8 9 5 11 7 6 7 1 5 10 18 0 2 10 5 6 7 9 12 8 3 6 4 18 12 17 13 14 4 11 12 5 12 1 16 8 15 7 5 3 2 7 19 9 8 7 13
4 11 4 6 7 7 9 5 4 9 1 7 8 16 2 0 12 3 8 5 11 14 10 5 4 6 16 10 15 15 12 2 13 10 3 14 3 14 6 13 5 3 1 4 5 17 7 6 5 11
16 23 16 18 19 5 21 17 16 3 11 7 20 28 10 12 0 15 4 17 1 2 2 7 16 6 28 22 27 3 24 14 1 22 15 2 9 26 18 25 17 15 13 8 17 29 19 18 17 23
3 10 3 5 6 10 8 4 3 12 4 10 7 15 5 3 15 0 11 4 14 17 13 8 1 9 15 9 14 18 11 1 16 9 2 17 6 13 5 12 4 2 2 7 4 16 6 5 4 10
12 19 12 14 15 1 17 13 12 1 7 3 16 24 6 8 4 11 0 13 3 6 2 3 12 2 24 18 23 7 20 10 5 18 11 6 5 22 14 21 13 11 9 4 13 25 15 14 13 19
1 12 3 7 8 12 10 2 5 14 6 12 9 17 7 5 17 4 13 0 16 19 15 10 5 11 17 11 16 20 13 3 18 11 2 19 8 15 1 14 6 4 4 9 6 18 8 3 4 12
15 22 15 17 18 4 20 16 15 2 10 6 19 27 9 11 1 14 3 16 0 3 1 6 15 5 27 21 26 4 23 13 2 21 14 3 8 25 17 24 16 14 12 7 16 28 18 17 16 22
18 25 18 20 21 7 23 19 18 5 13 9 22 30 12 14 2 17 6 19 3 0 4 9 18 8 30 24 29 3 26 16 1 24 17 2 11 28 20 27 19 17 15 10 19 31 21 20 19 25
14 21 14 16 17 3 19 15 14 1 9 5 18 26 8 10 2 13 2 15 1 4 0 5 14 4 26 20 25 5 22 12 3 20 13 4 7 24 16 23 15 13 11 6 15 27 17 16 15 21
9 16 9 11 12 2 14 10 9 4 4 2 13 21 3 5 7 8 3 10 6 9 5 0 9 1 21 15 20 10 17 7 8 15 8 9 2 19 11 18 10 8 6 1 10 22 12 11 10 16
4 11 4 6 7 11 9 5 4 13 5 11 8 16 6 4 16 1 12 5 15 18 14 9 0 10 16 10 15 19 12 2 17 10 3 18 7 14 6 13 5 3 3 8 5 17 7 6 5 11
10 17 10 12 13 1 15 11 10 3 5 1 14 22 4 6 6 9 2 11 5 8 4 1 10 0 22 16 21 9 18 8 7 16 9 8 3 20 12 19 11 9 7 2 11 23 13 12 11 17
16 7 16 10 9 23 7 17 12 25 17 23 8 2 18 16 28 15 24 17 27 30 26 21 16 22 0 8 1 31 4 14 29 6 15 30 19 2 18 3 13 13 15 20 11 1 11 18 17 5
10 3 10 4 3 17 1 11 6 19 11 17 2 8 12 10 22 9 18 11 21 24 20 15 10 16 8 0 7 25 4 8 23 2 9 24 13 6 12 5 7 7 9 14 5 9 5 12 11 3
15 6 15 9 8 22 6 16 11 24 16 22 7 1 17 15 27 14 23 16 26 29 25 20 15 21 1 7 0 30 3 13 28 5 14 29 18 1 17 2 12 12 14 19 10 2 10 17 16 4
19 26 19 21 22 8 24 20 19 6 14 10 23 31 13 15 3 18 7 20 4 3 5 10 19 9 31 25 30 0 27 17 2 25 18 1 12 29 21 28 20 18 16 11 20 32 22 21 20 26
12 3 12 6 5 19 3 13 8 21 13 19 4 4 14 12 24 11 20 13 23 26 22 17 12 18 4 4 3 27 0 10 25 2 11 26 15 2 14 1 9 9 11 16 7 5 7 14 13 1
2 9 2 4 5 9 7 3 2 11 3 9 6 14 4 2 14 1 10 3 13 16 12 7 2 8 14 8 13 17 10 0 15 8 1 16 5 12 4 11 3 1 1 6 3 15 5 4 3 9
17 24 17 19 20 6 22 18 17 4 12 8 21 29 11 13 1 16 5 18 2 1 3 8 17 7 29 23 28 2 25 15 0 23 16 1 10 27 19 26 18 16 14 9 18 30 20 19 18 24
10 1 10 4 3 17 1 11 6 19 11 17 2 6 12 10 22 9 18 11 21 24 20 15 10 16 6 2 5 25 2 8 23 0 9 24 13 4 12 3 7 7 9 14 5 7 5 12 11 1
1 10 1 5 6 10 8 2 3 12 4 10 7 15 5 3 15 2 11 2 14 17 13 8 3 9 15 9 14 18 11 1 16 9 0 17 6 13 3 12 4 2 2 7 4 16 6 3 2 10
18 25 18 20 21 7 23 19 18 5 13 9 22 30 12 14 2 17 6 19 3 2 4 9 18 8 30 24 29 1 26 16 1 24 17 0 11 28 20 27 19 17 15 10 19 31 21 20 19 25
7 14 7 9 10 4 12 8 7 6 2 4 11 19 1 3 9 6 5 8 8 11 7 2 7 3 19 13 18 12 15 5 10 13 6 11 0 17 9 16 8 6 4 1 8 20 10 9 8 14
14 5 14 8 7 21 5 15 10 23 15 21 6 2 16 14 26 13 22 15 25 28 24 19 14 20 2 6 1 29 2 12 27 4 13 28 17 0 16 1 11 11 13 18 9 3 9 16 15 3
2 13 4 8 9 13 11 3 6 15 7 13 10 18 8 6 18 5 14 1 17 20 16 11 6 12 18 12 17 21 14 4 19 12 3 20 9 16 0 15 7 5 5 10 7 19 9 4 5 13
13 4 13 7 6 20 4 14 9 22 14 20 5 3 15 13 25 12 21 14 24 27 23 18 13 19 3 5 2 28 1 11 26 3 12 27 16 1 15 0 10 10 12 17 8 4 8 15 14 2
5 8 5 3 4 12 6 6 1 14 6 12 5 13 7 5 17 4 13 6 16 19 15 10 5 11 13 7 12 20 9 3 18 7 4 19 8 11 7 10 0 2 4 9 2 14 4 7 6 8
3 8 3 3 4 10 6 4 1 12 4 10 5 13 5 3 15 2 11 4 14 17 13 8 3 9 13 7 12 18 9 1 16 7 2 17 6 11 5 10 2 0 2 7 2 14 4 5 4 8
3 10 3 5 6 8 8 4 3 10 2 8 7 15 3 1 13 2 9 4 12 15 11 6 3 7 15 9 14 16 11 1 14 9 2 15 4 13 5 12 4 2 0 5 4 16 6 5 4 10
8 15 8 10 11 3 13 9 8 5 3 3 12 20 2 4 8 7 4 9 7 10 6 1 8 2 20 14 19 11 16 6 9 14 7 10 1 18 10 17 9 7 5 0 9 21 11 10 9 15
5 6 5 1 2 12 4 6 1 14 6 12 3 11 7 5 17 4 13 6 16 19 15 10 5 11 11 5 10 20 7 3 18 5 4 19 8 9 7 8 2 2 4 9 0 12 2 7 6 6
17 8 17 11 10 24 8 18 13 26 18 24 9 3 19 17 29 16 25 18 28 31 27 22 17 23 1 9 2 32 5 15 30 7 16 31 20 3 19 4 14 14 16 21 12 0 12 19 18 6
7 6 7 1 2 14 4 8 3 16 8 14 3 11 9 7 19 6 15 8 18 21 17 12 7 13 11 5 10 22 7 5 20 5 6 21 10 9 9 8 4 4 6 11 2 12 0 9 8 6
2 13 4 8 9 13 11 1 6 15 7 13 10 18 8 6 18 5 14 3 17 20 16 11 6 12 18 12 17 21 14 4 19 12 3 20 9 16 4 15 7 5 5 10 7 19 9 0 5 13
3 12 1 7 8 12 10 4 5 14 6 12 9 17 7 5 17 4 13 4 16 19 15 10 5 11 17 11 16 20 13 3 18 11 2 19 8 15 5 14 6 4 4 9 6 18 8 5 0 12
11 2 11 5 4 18 2 12 7 20 12 18 3 5 13 11 23 10 19 12 22 25 21 16 11 17 5 3 4 26 1 9 24 1 10 25 14 3 13 2 8 8 10 15 6 6 6 13 12 0
