0 3 14 2 15 4 2 2 2 8 10 3 5 13 13 14 3 3 10 6 12 5 11 9 4 4 6 12 2 2 1 16 1 7 16 3 4 5 8 7 11 9 1 9 3 1 4 2 3 11
3 0 15 5 18 5 5 3 5 11 11 4 8 14 16 17 6 6 13 7 15 8 12 12 7 7 9 13 1 5 4 19 4 8 19 6 5 6 9 10 12 12 4 10 4 2 5 5 6 14
14 15 0 16 29 14 16 12 16 22 4 11 19 1 27 28 17 17 24 8 26 19 3 23 18 18 20 2 14 16 15 30 15 7 30 17 10 9 6 21 5 23 15 5 13 13 14 16 17 25
2 5 16 0 17 6 4 4 4 10 12 5 7 15 15 16 5 5 12 8 14 7 13 11 6 6 8 14 4 4 3 18 1 9 18 5 6 7 10 9 13 11 3 11 5 3 6 4 1 13
15 18 29 17 0 19 17 17 17 7 25 18 20 28 2 1 18 18 5 21 3 10 26 8 11 19 9 27 17 17 16 1 16 22 1 12 19 20 23 8 26 6 14 24 18 16 19 13 18 4
4 5 14 6 19 0 6 2 6 12 10 3 9 13 17 18 7 7 14 6 16 9 11 13 8 8 10 12 4 6 5 20 5 7 20 7 4 5 8 11 11 13 5 9 1 3 2 6 7 15
2 5 16 4 17 6 0 4 2 10 12 5 5 15 15 16 3 1 12 8 14 7 13 11 6 4 8 14 4 2 1 18 3 9 18 5 6 7 10 9 13 11 3 11 5 3 6 4 5 13
2 3 12 4 17 2 4 0 4 10 8 1 7 11 15 16 5 5 12 4 14 7 9 11 6 6 8 10 2 4 3 18 3 5 18 5 2 3 6 9 9 11 3 7 1 1 2 4 5 13
2 5 16 4 17 6 2 4 0 10 12 5 5 15 15 16 3 3 12 8 14 7 13 11 6 4 8 14 4 2 1 18 3 9 18 5 6 7 10 9 13 11 3 11 5 3 6 4 5 13
8 11 22 10 7 12 10 10 10 0 18 11 13 21 5 6 11 11 2 14 4 3 19 1 4 12 2 20 10 10 9 8 9 15 8 5 12 13 16 1 19 1 7 17 11 9 12 6 11 3
10 11 4 12 25 10 12 8 12 18 0 7 15 3 23 24 13 13 20 4 22 15 1 19 14 14 16 2 10 12 11 26 11 3 26 13 6 5 2 17 1 19 11 1 9 9 10 12 13 21
3 4 11 5 18 3 5 1 5 11 7 0 8 10 16 17 6 6 13 3 15 8 8 12 7 7 9 9 3 5 4 19 4 4 19 6 1 2 5 10 8 12 4 6 2 2 3 5 6 14
5 8 19 7 20 9 5 7 5 13 15 8 0 18 18 19 2 6 15 11 17 10 16 14 9 1 11 17 7 3 4 21 6 12 21 8 9 10 13 12 16 14 6 14 8 6 9 7 8 16
13 14 1 15 28 13 15 11 15 21 3 10 18 0 26 27 16 16 23 7 25 18 2 22 17 17 19 1 13 15 14 29 14 6 29 16 9 8 5 20 4 22 14 4 12 12 13 15 16 24
13 16 27 15 2 17 15 15 15 5 23 16 18 26 0 1 16 16 3 19 1 8 24 6 9 17 7 25 15 15 14 3 14 20 3 10 17 18 21 6 24 4 12 22 16 14 17 11 16 2
14 17 28 16 1 18 16 16 16 6 24 17 19 27 1 0 17 17 4 20 2 9 25 7 10 18 8 26 16 16 15 2 15 21 2 11 18 19 22 7 25 5 13 23 17 15 18 12 17 3
3 6 17 5 18 7 3 5 3 11 13 6 2 16 16 17 0 4 13 9 15 8 14 12 7 1 9 15 5 1 2 19 4 10 19 6 7 8 11 10 14 12 4 12 6 4 7 5 6 14
3 6 17 5 18 7 1 5 3 11 13 6 6 16 16 17 4 0 13 9 15 8 14 12 7 5 9 15 5 3 2 19 4 10 19 6 7 8 11 10 14 12 4 12 6 4 7 5 6 14
10 13 24 12 5 14 12 12 12 2 20 13 15 23 3 4 13 13 0 16 2 5 21 3 6 14 4 22 12 12 11 6 11 17 6 7 14 15 18 3 21 1 9 19 13 11 14 8 13 1
6 7 8 8 21 6 8 4 8 14 4 3 11 7 19 20 9 9 16 0 18 11 5 15 10 10 12 6 6 8 7 22 7 1 22 9 2 1 2 13 5 15 7 3 5 5 6 8 9 17
12 15 26 14 3 16 14 14 14 4 22 15 17 25 1 2 15 15 2 18 0 7 23 5 8 16 6 24 14 14 13 4 13 19 4 9 16 17 20 5 23 3 11 21 15 13 16 10 15 1
5 8 19 7 10 9 7 7 7 3 15 8 10 18 8 9 8 8 5 11 7 0 16 4 1 9 1 17 7 7 6 11 6 12 11 2 9 10 13 2 16 4 4 14 8 6 9 3 8 6
11 12 3 13 26 11 13 9 13 19 1 8 16 2 24 25 14 14 21 5 23 16 0 20 15 15 17 1 11 13 12 27 12 4 27 14 7 6 3 18 2 20 12 2 10 10 11 13 14 22
9 12 23 11 8 13 11 11 11 1 19 12 14 22 6 7 12 12 3 15 5 4 20 0 5 13 3 21 11 11 10 9 10 16 9 6 13 14 17 2 20 2 8 18 12 10 13 7 12 4
4 7 18 6 11 8 6 6 6 4 14 7 9 17 9 10 7 7 6 10 8 1 15 5 0 8 2 16 6 6 5 12 5 11 12 1 8 9 12 3 15 5 3 13 7 5 8 2 7 7
4 7 18 6 19 8 4 6 4 12 14 7 1 17 17 18 1 5 14 10 16 9 15 13 8 0 10 16 6 2 3 20 5 11 20 7 8 9 12 11 15 13 5 13 7 5 8 6 7 15
6 9 20 8 9 10 8 8 8 2 16 9 11 19 7 8 9 9 4 12 6 1 17 3 2 10 0 18 8 8 7 10 7 13 10 3 10 11 14 1 17 3 5 15 9 7 10 4 9 5
12 13 2 14 27 12 14 10 14 20 2 9 17 1 25 26 15 15 22 6 24 17 1 21 16 16 18 0 12 14 13 28 13 5 28 15 8 7 4 19 3 21 13 3 11 11 12 14 15 23
2 1 14 4 17 4 4 2 4 10 10 3 7 13 15 16 5 5 12 6 14 7 11 11 6 6 8 12 0 4 3 18 3 7 18 5 4 5 8 9 11 11 3 9 3 1 4 4 5 13
2 5 16 4 17 6 2 4 2 10 12 5 3 15 15 16 1 3 12 8 14 7 13 11 6 2 8 14 4 0 1 18 3 9 18 5 6 7 10 9 13 11 3 11 5 3 6 4 5 13
1 4 15 3 16 5 1 3 1 9 11 4 4 14 14 15 2 2 11 7 13 6 12 10 5 3 7 13 3 1 0 17 2 8 17 4 5 6 9 8 12 10 2 10 4 2 5 3 4 12
16 19 30 18 1 20 18 18 18 8 26 19 21 29 3 2 19 19 6 22 4 11 27 9 12 20 10 28 18 18 17 0 17 23 2 13 20 21 24 9 27 7 15 25 19 17 20 14 19 5
1 4 15 1 16 5 3 3 3 9 11 4 6 14 14 15 4 4 11 7 13 6 12 10 5 5 7 13 3 3 2 17 0 8 17 4 5 6 9 8 12 10 2 10 4 2 5 3 2 12
7 8 7 9 22 7 9 5 9 15 3 4 12 6 20 21 10 10 17 1 19 12 4 16 11 11 13 5 7 9 8 23 8 0 23 10 3 2 1 14 4 16 8 2 6 6 7 9 10 18
16 19 30 18 1 20 18 18 18 8 26 19 21 29 3 2 19 19 6 22 4 11 27 9 12 20 10 28 18 18 17 2 17 23 0 13 20 21 24 9 27 7 15 25 19 17 20 14 19 5
3 6 17 5 12 7 5 5 5 5 13 6 8 16 10 11 6 6 7 9 9 2 14 6 1 7 3 15 5 5 4 13 4 10 13 0 7 8 11 4 14 6 2 12 6 4 7 1 6 8
4 5 10 6 19 4 6 2 6 12 6 1 9 9 17 18 7 7 14 2 16 9 7 13 8 8 10 8 4 6 5 20 5 3 20 7 0 1 4 11 7 13 5 5 3 3 4 6 7 15
5 6 9 7 20 5 7 3 7 13 5 2 10 8 18 19 8 8 15 1 17 10 6 14 9 9 11 7 5 7 6 21 6 2 21 8 1 0 3 12 6 14 6 4 4 4 5 7 8 16
8 9 6 10 23 8 10 6 10 16 2 5 13 5 21 22 11 11 18 2 20 13 3 17 12 12 14 4 8 10 9 24 9 1 24 11 4 3 0 15 3 17 9 1 7 7 8 10 11 19
7 10 21 9 8 11 9 9 9 1 17 10 12 20 6 7 10 10 3 13 5 2 18 2 3 11 1 19 9 9 8 9 8 14 9 4 11 12 15 0 18 2 6 16 10 8 11 5 10 4
11 12 5 13 26 11 13 9 13 19 1 8 16 4 24 25 14 14 21 5 23 16 2 20 15 15 17 3 11 13 12 27 12 4 27 14 7 6 3 18 0 20 12 2 10 10 11 13 14 22
9 12 23 11 6 13 11 11 11 1 19 12 14 22 4 5 12 12 1 15 3 4 20 2 5 13 3 21 11 11 10 7 10 16 7 6 13 14 17 2 20 0 8 18 12 10 13 7 12 2
1 4 15 3 14 5 3 3 3 7 11 4 6 14 12 13 4 4 9 7 11 4 12 8 3 5 5 13 3 3 2 15 2 8 15 2 5 6 9 6 12 8 0 10 4 2 5 1 4 10
9 10 5 11 24 9 11 7 11 17 1 6 14 4 22 23 12 12 19 3 21 14 2 18 13 13 15 3 9 11 10 25 10 2 25 12 5 4 1 16 2 18 10 0 8 8 9 11 12 20
3 4 13 5 18 1 5 1 5 11 9 2 8 12 16 17 6 6 13 5 15 8 10 12 7 7 9 11 3 5 4 19 4 6 19 6 3 4 7 10 10 12 4 8 0 2 1 5 6 14
1 2 13 3 16 3 3 1 3 9 9 2 6 12 14 15 4 4 11 5 13 6 10 10 5 5 7 11 1 3 2 17 2 6 17 4 3 4 7 8 10 10 2 8 2 0 3 3 4 12
4 5 14 6 19 2 6 2 6 12 10 3 9 13 17 18 7 7 14 6 16 9 11 13 8 8 10 12 4 6 5 20 5 7 20 7 4 5 8 11 11 13 5 9 1 3 0 6 7 15
2 5 16 4 13 6 4 4 4 6 12 5 7 15 11 12 5 5 8 8 10 3 13 7 2 6 4 14 4 4 3 14 3 9 14 1 6 7 10 5 13 7 1 11 5 3 6 0 5 9
3 6 17 1 18 7 5 5 5 11 13 6 8 16 16 17 6 6 13 9 15 8 14 12 7 7 9 15 5 5 4 19 2 10 19 6 7 8 11 10 14 12 4 12 6 4 7 5 0 14
11 14 25 13 4 15 13 13 13 3 21 14 16 24 2 3 14 14 1 17 1 6 22 4 7 15 5 23 13 13 12 5 12 18 5 8 15 16 19 4 22 2 10 20 14 12 15 9 14 0
