0 20 11 23 6 3 4 10 14 9 21 22 10 18 7 7 15 18 2 8 9 17 18 6 8 24 3 24 9 16 5 5 10 6 8 17 7 1 4 12 2 19 11 13 8 11 12 12 10 4
20 0 11 3 14 17 16 14 6 13 1 2 14 6 15 25 5 2 20 16 13 3 4 24 12 4 21 4 11 4 15 23 10 24 16 5 13 19 18 8 18 1 9 7 26 15 10 12 12 22
11 11 0 14 5 8 7 5 5 4 12 13 5 9 6 16 6 9 11 7 4 8 9 15 3 15 12 15 2 7 6 14 1 15 7 8 4 10 9 3 9 10 2 4 17 6 3 1 3 13
23 3 14 0 17 20 19 17 9 16 2 1 17 9 18 28 8 5 23 19 16 6 7 27 15 1 24 1 14 7 18 26 13 27 19 8 16 22 21 11 21 4 12 10 29 18 13 15 15 25
6 14 5 17 0 3 2 4 8 3 15 16 4 12 1 11 9 12 6 2 3 11 12 10 2 18 7 18 3 10 1 9 4 10 2 11 1 5 4 6 4 13 5 7 12 5 6 6 4 8
3 17 8 20 3 0 1 7 11 6 18 19 7 15 4 8 12 15 3 5 6 14 15 7 5 21 4 21 6 13 2 6 7 7 5 14 4 2 1 9 1 16 8 10 9 8 9 9 7 5
4 16 7 19 2 1 0 6 10 5 17 18 6 14 3 9 11 14 4 4 5 13 14 8 4 20 5 20 5 12 1 7 6 8 4 13 3 3 2 8 2 15 7 9 10 7 8 8 6 6
10 14 5 17 4 7 6 0 8 1 15 16 4 12 5 15 9 12 10 6 3 11 12 14 2 18 11 18 3 10 5 13 4 14 6 11 3 9 8 6 8 13 5 7 16 1 6 6 4 12
14 6 5 9 8 11 10 8 0 7 7 8 8 4 9 19 1 4 14 10 7 3 4 18 6 10 15 10 5 2 9 17 4 18 10 3 7 13 12 2 12 5 3 1 20 9 4 6 6 16
9 13 4 16 3 6 5 1 7 0 14 15 3 11 4 14 8 11 9 5 2 10 11 13 1 17 10 17 2 9 4 12 3 13 5 10 2 8 7 5 7 12 4 6 15 2 5 5 3 11
21 1 12 2 15 18 17 15 7 14 0 1 15 7 16 26 6 3 21 17 14 4 5 25 13 3 22 3 12 5 16 24 11 25 17 6 14 20 19 9 19 2 10 8 27 16 11 13 13 23
22 2 13 1 16 19 18 16 8 15 1 0 16 8 17 27 7 4 22 18 15 5 6 26 14 2 23 2 13 6 17 25 12 26 18 7 15 21 20 10 20 3 11 9 28 17 12 14 14 24
10 14 5 17 4 7 6 4 8 3 15 16 0 12 5 15 9 12 10 6 1 11 12 14 2 18 11 18 3 10 5 13 4 14 6 11 3 9 8 6 8 13 5 7 16 5 6 6 4 12
18 6 9 9 12 15 14 12 4 11 7 8 12 0 13 23 3 4 18 14 11 3 4 22 10 10 19 10 9 2 13 21 8 22 14 1 11 17 16 6 16 5 7 5 24 13 8 10 10 20
7 15 6 18 1 4 3 5 9 4 16 17 5 13 0 12 10 13 7 1 4 12 13 11 3 19 8 19 4 11 2 10 5 11 1 12 2 6 5 7 5 14 6 8 13 6 7 7 5 9
7 25 16 28 11 8 9 15 19 14 26 27 15 23 12 0 20 23 5 13 14 22 23 1 13 29 4 29 14 21 10 2 15 3 13 22 12 6 9 17 7 24 16 18 1 16 17 17 15 3
15 5 6 8 9 12 11 9 1 8 6 7 9 3 10 20 0 3 15 11 8 2 3 19 7 9 16 9 6 1 10 18 5 19 11 2 8 14 13 3 13 4 4 2 21 10 5 7 7 17
18 2 9 5 12 15 14 12 4 11 3 4 12 4 13 23 3 0 18 14 11 1 2 22 10 6 19 6 9 2 13 21 8 22 14 3 11 17 16 6 16 1 7 5 24 13 8 10 10 20
2 20 11 23 6 3 4 10 14 9 21 22 10 18 7 5 15 18 0 8 9 17 18 4 8 24 1 24 9 16 5 3 10 4 8 17 7 1 4 12 2 19 11 13 6 11 12 12 10 2
8 16 7 19 2 5 4 6 10 5 17 18 6 14 1 13 11 14 8 0 5 13 14 12 4 20 9 20 5 12 3 11 6 12 2 13 3 7 6 8 6 15 7 9 14 7 8 8 6 10
9 13 4 16 3 6 5 3 7 2 14 15 1 11 4 14 8 11 9 5 0 10 11 13 1 17 10 17 2 9 4 12 3 13 5 10 2 8 7 5 7 12 4 6 15 4 5 5 3 11
17 3 8 6 11 14 13 11 3 10 4 5 11 3 12 22 2 1 17 13 10 0 1 21 9 7 18 7 8 1 12 20 7 21 13 2 10 16 15 5 15 2 6 4 23 12 7 9 9 19
18 4 9 7 12 15 14 12 4 11 5 6 12 4 13 23 3 2 18 14 11 1 0 22 10 8 19 8 9 2 13 21 8 22 14 3 11 17 16 6 16 3 7 5 24 13 8 10 10 20
6 24 15 27 10 7 8 14 18 13 25 26 14 22 11 1 19 22 4 12 13 21 22 0 12 28 3 28 13 20 9 1 14 2 12 21 11 5 8 16 6 23 15 17 2 15 16 16 14 2
8 12 3 15 2 5 4 2 6 1 13 14 2 10 3 13 7 10 8 4 1 9 10 12 0 16 9 16 1 8 3 11 2 12 4 9 1 7 6 4 6 11 3 5 14 3 4 4 2 10
24 4 15 1 18 21 20 18 10 17 3 2 18 10 19 29 9 6 24 20 17 7 8 28 16 0 25 2 15 8 19 27 14 28 20 9 17 23 22 12 22 5 13 11 30 19 14 16 16 26
3 21 12 24 7 4 5 11 15 10 22 23 11 19 8 4 16 19 1 9 10 18 19 3 9 25 0 25 10 17 6 2 11 3 9 18 8 2 5 13 3 20 12 14 5 12 13 13 11 1
24 4 15 1 18 21 20 18 10 17 3 2 18 10 19 29 9 6 24 20 17 7 8 28 16 2 25 0 15 8 19 27 14 28 20 9 17 23 22 12 22 5 13 11 30 19 14 16 16 26
9 11 2 14 3 6 5 3 5 2 12 13 3 9 4 14 6 9 9 5 2 8 9 13 1 15 10 15 0 7 4 12 1 13 5 8 2 8 7 3 7 10 2 4 15 4 3 3 1 11
16 4 7 7 10 13 12 10 2 9 5 6 10 2 11 21 1 2 16 12 9 1 2 20 8 8 17 8 7 0 11 19 6 20 12 1 9 15 14 4 14 3 5 3 22 11 6 8 8 18
5 15 6 18 1 2 1 5 9 4 16 17 5 13 2 10 10 13 5 3 4 12 13 9 3 19 6 19 4 11 0 8 5 9 3 12 2 4 3 7 3 14 6 8 11 6 7 7 5 7
5 23 14 26 9 6 7 13 17 12 24 25 13 21 10 2 18 21 3 11 12 20 21 1 11 27 2 27 12 19 8 0 13 1 11 20 10 4 7 15 5 22 14 16 3 14 15 15 13 1
10 10 1 13 4 7 6 4 4 3 11 12 4 8 5 15 5 8 10 6 3 7 8 14 2 14 11 14 1 6 5 13 0 14 6 7 3 9 8 2 8 9 1 3 16 5 2 2 2 12
6 24 15 27 10 7 8 14 18 13 25 26 14 22 11 3 19 22 4 12 13 21 22 2 12 28 3 28 13 20 9 1 14 0 12 21 11 5 8 16 6 23 15 17 4 15 16 16 14 2
8 16 7 19 2 5 4 6 10 5 17 18 6 14 1 13 11 14 8 2 5 13 14 12 4 20 9 20 5 12 3 11 6 12 0 13 3 7 6 8 6 15 7 9 14 7 8 8 6 10
17 5 8 8 11 14 13 11 3 10 6 7 11 1 12 22 2 3 17 13 10 2 3 21 9 9 18 9 8 1 12 20 7 21 13 0 10 16 15 5 15 4 6 4 23 12 7 9 9 19
7 13 4 16 1 4 3 3 7 2 14 15 3 11 2 12 8 11 7 3 2 10 11 11 1 17 8 17 2 9 2 10 3 11 3 10 0 6 5 5 5 12 4 6 13 4 5 5 3 9
1 19 10 22 5 2 3 9 13 8 20 21 9 17 6 6 14 17 1 7 8 16 17 5 7 23 2 23 8 15 4 4 9 5 7 16 6 0 3 11 1 18 10 12 7 10 11 11 9 3
4 18 9 21 4 1 2 8 12 7 19 20 8 16 5 9 13 16 4 6 7 15 16 8 6 22 5 22 7 14 3 7 8 8 6 15 5 3 0 10 2 17 9 11 10 9 10 10 8 6
12 8 3 11 6 9 8 6 2 5 9 10 6 6 7 17 3 6 12 8 5 5 6 16 4 12 13 12 3 4 7 15 2 16 8 5 5 11 10 0 10 7 1 1 18 7 2 4 4 14
2 18 9 21 4 1 2 8 12 7 19 20 8 16 5 7 13 16 2 6 7 15 16 6 6 22 3 22 7 14 3 5 8 6 6 15 5 1 2 10 0 17 9 11 8 9 10 10 8 4
19 1 10 4 13 16 15 13 5 12 2 3 13 5 14 24 4 1 19 15 12 2 3 23 11 5 20 5 10 3 14 22 9 23 15 4 12 18 17 7 17 0 8 6 25 14 9 11 11 21
11 9 2 12 5 8 7 5 3 4 10 11 5 7 6 16 4 7 11 7 4 6 7 15 3 13 12 13 2 5 6 14 1 15 7 6 4 10 9 1 9 8 0 2 17 6 1 3 3 13
13 7 4 10 7 10 9 7 1 6 8 9 7 5 8 18 2 5 13 9 6 4 5 17 5 11 14 11 4 3 8 16 3 17 9 4 6 12 11 1 11 6 2 0 19 8 3 5 5 15
8 26 17 29 12 9 10 16 20 15 27 28 16 24 13 1 21 24 6 14 15 23 24 2 14 30 5 30 15 22 11 3 16 4 14 23 13 7 10 18 8 25 17 19 0 17 18 18 16 4
11 15 6 18 5 8 7 1 9 2 16 17 5 13 6 16 10 13 11 7 4 12 13 15 3 19 12 19 4 11 6 14 5 15 7 12 4 10 9 7 9 14 6 8 17 0 7 7 5 13
12 10 3 13 6 9 8 6 4 5 11 12 6 8 7 17 5 8 12 8 5 7 8 16 4 14 13 14 3 6 7 15 2 16 8 7 5 11 10 2 10 9 1 3 18 7 0 4 4 14
12 12 1 15 6 9 8 6 6 5 13 14 6 10 7 17 7 10 12 8 5 9 10 16 4 16 13 16 3 8 7 15 2 16 8 9 5 11 10 4 10 11 3 5 18 7 4 0 4 14
10 12 3 15 4 7 6 4 6 3 13 14 4 10 5 15 7 10 10 6 3 9 10 14 2 16 11 16 1 8 5 13 2 14 6 9 3 9 8 4 8 11 3 5 16 5 4 4 0 12
4 22 13 25 8 5 6 12 16 11 23 24 12 20 9 3 17 20 2 10 11 19 20 2 10 26 1 26 11 18 7 1 12 2 10 19 9 3 6 14 4 21 13 15 4 13 14 14 12 0
