0 11 12 3 5 16 2 9 9 4 6 4 10 8 15 3 3 5 6 7 12 3 3 14 12 10 4 8 14 2 1 15 17 4 11 7 10 7 13 13 16 5 5 9 5 6 15 3 14 4
11 0 21 10 14 5 11 4 18 13 5 7 5 17 24 8 10 12 13 4 1 12 10 3 21 1 11 3 23 9 10 4 6 13 20 6 19 16 2 22 25 14 6 2 14 15 24 12 23 13
12 21 0 13 9 26 10 19 3 12 16 14 20 4 5 13 13 15 16 17 22 9 13 24 2 20 14 18 4 12 11 25 27 10 1 17 2 5 23 3 6 13 15 19 7 6 5 11 4 8
3 10 13 0 6 15 3 8 10 5 5 3 9 9 16 2 2 4 5 6 11 4 2 13 13 9 3 7 15 1 2 14 16 5 12 6 11 8 12 14 17 6 4 8 6 7 16 4 15 5
5 14 9 6 0 19 3 12 6 5 9 7 13 5 12 6 6 8 9 10 15 2 6 17 9 13 7 11 11 5 4 18 20 3 8 10 7 4 16 10 13 6 8 12 2 3 12 4 11 1
16 5 26 15 19 0 16 9 23 18 10 12 10 22 29 13 15 17 18 9 4 17 15 2 26 6 16 8 28 14 15 1 1 18 25 11 24 21 3 27 30 19 11 7 19 20 29 17 28 18
2 11 10 3 3 16 0 9 7 2 6 4 10 6 13 3 3 5 6 7 12 1 3 14 10 10 4 8 12 2 1 15 17 2 9 7 8 5 13 11 14 3 5 9 3 4 13 1 12 2
9 4 19 8 12 9 9 0 16 11 3 5 1 15 22 6 8 10 11 2 5 10 8 7 19 3 9 1 21 7 8 8 10 11 18 4 17 14 6 20 23 12 4 2 12 13 22 10 21 11
9 18 3 10 6 23 7 16 0 9 13 11 17 1 6 10 10 12 13 14 19 6 10 21 3 17 11 15 5 9 8 22 24 7 2 14 1 2 20 4 7 10 12 16 4 3 6 8 5 5
4 13 12 5 5 18 2 11 9 0 8 6 12 8 15 5 5 7 8 9 14 3 5 16 12 12 6 10 14 4 3 17 19 4 11 9 10 7 15 13 16 1 7 11 5 6 15 1 14 4
6 5 16 5 9 10 6 3 13 8 0 2 4 12 19 3 5 7 8 1 6 7 5 8 16 4 6 2 18 4 5 9 11 8 15 1 14 11 7 17 20 9 1 3 9 10 19 7 18 8
4 7 14 3 7 12 4 5 11 6 2 0 6 10 17 1 3 5 6 3 8 5 3 10 14 6 4 4 16 2 3 11 13 6 13 3 12 9 9 15 18 7 1 5 7 8 17 5 16 6
10 5 20 9 13 10 10 1 17 12 4 6 0 16 23 7 9 11 12 3 6 11 9 8 20 4 10 2 22 8 9 9 11 12 19 5 18 15 7 21 24 13 5 3 13 14 23 11 22 12
8 17 4 9 5 22 6 15 1 8 12 10 16 0 7 9 9 11 12 13 18 5 9 20 4 16 10 14 6 8 7 21 23 6 3 13 2 1 19 5 8 9 11 15 3 2 7 7 6 4
15 24 5 16 12 29 13 22 6 15 19 17 23 7 0 16 16 18 19 20 25 12 16 27 3 23 17 21 1 15 14 28 30 13 4 20 5 8 26 2 3 16 18 22 10 9 2 14 3 11
3 8 13 2 6 13 3 6 10 5 3 1 7 9 16 0 2 4 5 4 9 4 2 11 13 7 3 5 15 1 2 12 14 5 12 4 11 8 10 14 17 6 2 6 6 7 16 4 15 5
3 10 13 2 6 15 3 8 10 5 5 3 9 9 16 2 0 2 3 6 11 4 2 13 13 9 1 7 15 1 2 14 16 5 12 6 11 8 12 14 17 6 4 8 6 7 16 4 15 5
5 12 15 4 8 17 5 10 12 7 7 5 11 11 18 4 2 0 1 8 13 6 4 15 15 11 1 9 17 3 4 16 18 7 14 8 13 10 14 16 19 8 6 10 8 9 18 6 17 7
6 13 16 5 9 18 6 11 13 8 8 6 12 12 19 5 3 1 0 9 14 7 5 16 16 12 2 10 18 4 5 17 19 8 15 9 14 11 15 17 20 9 7 11 9 10 19 7 18 8
7 4 17 6 10 9 7 2 14 9 1 3 3 13 20 4 6 8 9 0 5 8 6 7 17 3 7 1 19 5 6 8 10 9 16 2 15 12 6 18 21 10 2 2 10 11 20 8 19 9
12 1 22 11 15 4 12 5 19 14 6 8 6 18 25 9 11 13 14 5 0 13 11 2 22 2 12 4 24 10 11 3 5 14 21 7 20 17 1 23 26 15 7 3 15 16 25 13 24 14
3 12 9 4 2 17 1 10 6 3 7 5 11 5 12 4 4 6 7 8 13 0 4 15 9 11 5 9 11 3 2 16 18 1 8 8 7 4 14 10 13 4 6 10 2 3 12 2 11 1
3 10 13 2 6 15 3 8 10 5 5 3 9 9 16 2 2 4 5 6 11 4 0 13 13 9 3 7 15 1 2 14 16 5 12 6 11 8 12 14 17 6 4 8 6 7 16 4 15 5
14 3 24 13 17 2 14 7 21 16 8 10 8 20 27 11 13 15 16 7 2 15 13 0 24 4 14 6 26 12 13 1 3 16 23 9 22 19 1 25 28 17 9 5 17 18 27 15 26 16
12 21 2 13 9 26 10 19 3 12 16 14 20 4 3 13 13 15 16 17 22 9 13 24 0 20 14 18 2 12 11 25 27 10 1 17 2 5 23 1 4 13 15 19 7 6 3 11 2 8
10 1 20 9 13 6 10 3 17 12 4 6 4 16 23 7 9 11 12 3 2 11 9 4 20 0 10 2 22 8 9 5 7 12 19 5 18 15 3 21 24 13 5 1 13 14 23 11 22 12
4 11 14 3 7 16 4 9 11 6 6 4 10 10 17 3 1 1 2 7 12 5 3 14 14 10 0 8 16 2 3 15 17 6 13 7 12 9 13 15 18 7 5 9 7 8 17 5 16 6
8 3 18 7 11 8 8 1 15 10 2 4 2 14 21 5 7 9 10 1 4 9 7 6 18 2 8 0 20 6 7 7 9 10 17 3 16 13 5 19 22 11 3 1 11 12 21 9 20 10
14 23 4 15 11 28 12 21 5 14 18 16 22 6 1 15 15 17 18 19 24 11 15 26 2 22 16 20 0 14 13 27 29 12 3 19 4 7 25 1 2 15 17 21 9 8 1 13 2 10
2 9 12 1 5 14 2 7 9 4 4 2 8 8 15 1 1 3 4 5 10 3 1 12 12 8 2 6 14 0 1 13 15 4 11 5 10 7 11 13 16 5 3 7 5 6 15 3 14 4
1 10 11 2 4 15 1 8 8 3 5 3 9 7 14 2 2 4 5 6 11 2 2 13 11 9 3 7 13 1 0 14 16 3 10 6 9 6 12 12 15 4 4 8 4 5 14 2 13 3
15 4 25 14 18 1 15 8 22 17 9 11 9 21 28 12 14 16 17 8 3 16 14 1 25 5 15 7 27 13 14 0 2 17 24 10 23 20 2 26 29 18 10 6 18 19 28 16 27 17
17 6 27 16 20 1 17 10 24 19 11 13 11 23 30 14 16 18 19 10 5 18 16 3 27 7 17 9 29 15 16 2 0 19 26 12 25 22 4 28 31 20 12 8 20 21 30 18 29 19
4 13 10 5 3 18 2 11 7 4 8 6 12 6 13 5 5 7 8 9 14 1 5 16 10 12 6 10 12 4 3 17 19 0 9 9 8 5 15 11 14 5 7 11 3 4 13 3 12 2
11 20 1 12 8 25 9 18 2 11 15 13 19 3 4 12 12 14 15 16 21 8 12 23 1 19 13 17 3 11 10 24 26 9 0 16 1 4 22 2 5 12 14 18 6 5 4 10 3 7
7 6 17 6 10 11 7 4 14 9 1 3 5 13 20 4 6 8 9 2 7 8 6 9 17 5 7 3 19 5 6 10 12 9 16 0 15 12 8 18 21 10 2 4 10 11 20 8 19 9
10 19 2 11 7 24 8 17 1 10 14 12 18 2 5 11 11 13 14 15 20 7 11 22 2 18 12 16 4 10 9 23 25 8 1 15 0 3 21 3 6 11 13 17 5 4 5 9 4 6
7 16 5 8 4 21 5 14 2 7 11 9 15 1 8 8 8 10 11 12 17 4 8 19 5 15 9 13 7 7 6 20 22 5 4 12 3 0 18 6 9 8 10 14 2 1 8 6 7 3
13 2 23 12 16 3 13 6 20 15 7 9 7 19 26 10 12 14 15 6 1 14 12 1 23 3 13 5 25 11 12 2 4 15 22 8 21 18 0 24 27 16 8 4 16 17 26 14 25 15
13 22 3 14 10 27 11 20 4 13 17 15 21 5 2 14 14 16 17 18 23 10 14 25 1 21 15 19 1 13 12 26 28 11 2 18 3 6 24 0 3 14 16 20 8 7 2 12 1 9
16 25 6 17 13 30 14 23 7 16 20 18 24 8 3 17 17 19 20 21 26 13 17 28 4 24 18 22 2 16 15 29 31 14 5 21 6 9 27 3 0 17 19 23 11 10 1 15 4 12
5 14 13 6 6 19 3 12 10 1 9 7 13 9 16 6 6 8 9 10 15 4 6 17 13 13 7 11 15 5 4 18 20 5 12 10 11 8 16 14 17 0 8 12 6 7 16 2 15 5
5 6 15 4 8 11 5 4 12 7 1 1 5 11 18 2 4 6 7 2 7 6 4 9 15 5 5 3 17 3 4 10 12 7 14 2 13 10 8 16 19 8 0 4 8 9 18 6 17 7
9 2 19 8 12 7 9 2 16 11 3 5 3 15 22 6 8 10 11 2 3 10 8 5 19 1 9 1 21 7 8 6 8 11 18 4 17 14 4 20 23 12 4 0 12 13 22 10 21 11
5 14 7 6 2 19 3 12 4 5 9 7 13 3 10 6 6 8 9 10 15 2 6 17 7 13 7 11 9 5 4 18 20 3 6 10 5 2 16 8 11 6 8 12 0 1 10 4 9 1
6 15 6 7 3 20 4 13 3 6 10 8 14 2 9 7 7 9 10 11 16 3 7 18 6 14 8 12 8 6 5 19 21 4 5 11 4 1 17 7 10 7 9 13 1 0 9 5 8 2
15 24 5 16 12 29 13 22 6 15 19 17 23 7 2 16 16 18 19 20 25 12 16 27 3 23 17 21 1 15 14 28 30 13 4 20 5 8 26 2 1 16 18 22 10 9 0 14 3 11
3 12 11 4 4 17 1 10 8 1 7 5 11 7 14 4 4 6 7 8 13 2 4 15 11 11 5 9 13 3 2 16 18 3 10 8 9 6 14 12 15 2 6 10 4 5 14 0 13 3
14 23 4 15 11 28 12 21 5 14 18 16 22 6 3 15 15 17 18 19 24 11 15 26 2 22 16 20 2 14 13 27 29 12 3 19 4 7 25 1 4 15 17 21 9 8 3 13 0 10
4 13 8 5 1 18 2 11 5 4 8 6 12 4 11 5 5 7 8 9 14 1 5 16 8 12 6 10 10 4 3 17 19 2 7 9 6 3 15 9 12 5 7 11 1 2 11 3 10 0
