0 3 5 1 5 14 4 10 3 4 4 11 1 5 3 10 13 3 5 11 2 12 9 9 7 4 2 8 3 2 10 7 1 8 8 15 2 11 3 4 9 15 4 6 3 2 7 3 6 8
3 0 4 4 8 13 7 9 6 3 5 10 4 6 4 9 12 4 6 10 5 11 12 8 10 5 5 11 2 3 13 10 2 7 11 14 3 10 6 3 12 14 7 5 2 1 6 4 9 7
5 4 0 6 10 9 9 5 8 1 7 6 6 8 6 5 8 6 8 6 7 7 14 4 12 7 7 13 4 5 15 12 4 3 13 10 5 6 8 5 14 10 9 1 2 3 2 6 11 3
1 4 6 0 6 15 5 11 4 5 5 12 2 6 4 11 14 4 6 12 3 13 10 10 8 5 3 9 4 3 11 8 2 9 9 16 3 12 4 5 10 16 5 7 4 3 8 4 7 9
5 8 10 6 0 19 5 15 4 9 9 16 4 10 8 15 18 8 10 16 5 17 4 14 2 9 3 3 8 7 5 2 6 13 3 20 7 16 2 9 4 20 1 11 8 7 12 8 1 13
14 13 9 15 19 0 18 6 17 10 16 7 15 17 15 4 1 15 17 3 16 2 23 5 21 16 16 22 13 14 24 21 13 6 22 1 14 7 17 14 23 1 18 8 11 12 7 15 20 8
4 7 9 5 5 18 0 14 1 8 8 15 3 9 7 14 17 7 9 15 4 16 9 13 7 8 2 8 7 6 10 7 5 12 8 19 6 15 3 8 9 19 4 10 7 6 11 7 6 12
10 9 5 11 15 6 14 0 13 6 12 1 11 13 11 2 5 11 13 3 12 4 19 1 17 12 12 18 9 10 20 17 9 2 18 7 10 1 13 10 19 7 14 4 7 8 3 11 16 4
3 6 8 4 4 17 1 13 0 7 7 14 2 8 6 13 16 6 8 14 3 15 8 12 6 7 1 7 6 5 9 6 4 11 7 18 5 14 2 7 8 18 3 9 6 5 10 6 5 11
4 3 1 5 9 10 8 6 7 0 6 7 5 7 5 6 9 5 7 7 6 8 13 5 11 6 6 12 3 4 14 11 3 4 12 11 4 7 7 4 13 11 8 2 1 2 3 5 10 4
4 5 7 5 9 16 8 12 7 6 0 13 5 5 1 12 15 3 1 13 6 14 13 11 11 4 6 12 5 2 14 11 3 10 12 17 4 13 7 6 13 17 8 8 5 4 9 3 10 10
11 10 6 12 16 7 15 1 14 7 13 0 12 14 12 3 6 12 14 4 13 5 20 2 18 13 13 19 10 11 21 18 10 3 19 8 11 2 14 11 20 8 15 5 8 9 4 12 17 5
1 4 6 2 4 15 3 11 2 5 5 12 0 6 4 11 14 4 6 12 1 13 8 10 6 5 1 7 4 3 9 6 2 9 7 16 3 12 2 5 8 16 3 7 4 3 8 4 5 9
5 6 8 6 10 17 9 13 8 7 5 14 6 0 4 13 16 2 6 14 7 15 14 12 12 1 7 13 6 3 15 12 4 11 13 18 5 14 8 7 14 18 9 9 6 5 10 4 11 11
3 4 6 4 8 15 7 11 6 5 1 12 4 4 0 11 14 2 2 12 5 13 12 10 10 3 5 11 4 1 13 10 2 9 11 16 3 12 6 5 12 16 7 7 4 3 8 2 9 9
10 9 5 11 15 4 14 2 13 6 12 3 11 13 11 0 3 11 13 1 12 2 19 1 17 12 12 18 9 10 20 17 9 2 18 5 10 3 13 10 19 5 14 4 7 8 3 11 16 4
13 12 8 14 18 1 17 5 16 9 15 6 14 16 14 3 0 14 16 2 15 1 22 4 20 15 15 21 12 13 23 20 12 5 21 2 13 6 16 13 22 2 17 7 10 11 6 14 19 7
3 4 6 4 8 15 7 11 6 5 3 12 4 2 2 11 14 0 4 12 5 13 12 10 10 1 5 11 4 1 13 10 2 9 11 16 3 12 6 5 12 16 7 7 4 3 8 2 9 9
5 6 8 6 10 17 9 13 8 7 1 14 6 6 2 13 16 4 0 14 7 15 14 12 12 5 7 13 6 3 15 12 4 11 13 18 5 14 8 7 14 18 9 9 6 5 10 4 11 11
11 10 6 12 16 3 15 3 14 7 13 4 12 14 12 1 2 12 14 0 13 1 20 2 18 13 13 19 10 11 21 18 10 3 19 4 11 4 14 11 20 4 15 5 8 9 4 12 17 5
2 5 7 3 5 16 4 12 3 6 6 13 1 7 5 12 15 5 7 13 0 14 9 11 7 6 2 8 5 4 10 7 3 10 8 17 4 13 3 6 9 17 4 8 5 4 9 5 6 10
12 11 7 13 17 2 16 4 15 8 14 5 13 15 13 2 1 13 15 1 14 0 21 3 19 14 14 20 11 12 22 19 11 4 20 3 12 5 15 12 21 3 16 6 9 10 5 13 18 6
9 12 14 10 4 23 9 19 8 13 13 20 8 14 12 19 22 12 14 20 9 21 0 18 2 13 7 1 12 11 1 4 10 17 5 24 11 20 6 13 6 24 5 15 12 11 16 12 3 17
9 8 4 10 14 5 13 1 12 5 11 2 10 12 10 1 4 10 12 2 11 3 18 0 16 11 11 17 8 9 19 16 8 1 17 6 9 2 12 9 18 6 13 3 6 7 2 10 15 3
7 10 12 8 2 21 7 17 6 11 11 18 6 12 10 17 20 10 12 18 7 19 2 16 0 11 5 1 10 9 3 2 8 15 3 22 9 18 4 11 4 22 3 13 10 9 14 10 1 15
4 5 7 5 9 16 8 12 7 6 4 13 5 1 3 12 15 1 5 13 6 14 13 11 11 0 6 12 5 2 14 11 3 10 12 17 4 13 7 6 13 17 8 8 5 4 9 3 10 10
2 5 7 3 3 16 2 12 1 6 6 13 1 7 5 12 15 5 7 13 2 14 7 11 5 6 0 6 5 4 8 5 3 10 6 17 4 13 1 6 7 17 2 8 5 4 9 5 4 10
8 11 13 9 3 22 8 18 7 12 12 19 7 13 11 18 21 11 13 19 8 20 1 17 1 12 6 0 11 10 2 3 9 16 4 23 10 19 5 12 5 23 4 14 11 10 15 11 2 16
3 2 4 4 8 13 7 9 6 3 5 10 4 6 4 9 12 4 6 10 5 11 12 8 10 5 5 11 0 3 13 10 2 7 11 14 3 10 6 1 12 14 7 5 2 1 6 4 9 7
2 3 5 3 7 14 6 10 5 4 2 11 3 3 1 10 13 1 3 11 4 12 11 9 9 2 4 10 3 0 12 9 1 8 10 15 2 11 5 4 11 15 6 6 3 2 7 1 8 8
10 13 15 11 5 24 10 20 9 14 14 21 9 15 13 20 23 13 15 21 10 22 1 19 3 14 8 2 13 12 0 5 11 18 6 25 12 21 7 14 7 25 6 16 13 12 17 13 4 18
7 10 12 8 2 21 7 17 6 11 11 18 6 12 10 17 20 10 12 18 7 19 4 16 2 11 5 3 10 9 5 0 8 15 1 22 9 18 4 11 2 22 3 13 10 9 14 10 1 15
1 2 4 2 6 13 5 9 4 3 3 10 2 4 2 9 12 2 4 10 3 11 10 8 8 3 3 9 2 1 11 8 0 7 9 14 1 10 4 3 10 14 5 5 2 1 6 2 7 7
8 7 3 9 13 6 12 2 11 4 10 3 9 11 9 2 5 9 11 3 10 4 17 1 15 10 10 16 7 8 18 15 7 0 16 7 8 3 11 8 17 7 12 2 5 6 1 9 14 2
8 11 13 9 3 22 8 18 7 12 12 19 7 13 11 18 21 11 13 19 8 20 5 17 3 12 6 4 11 10 6 1 9 16 0 23 10 19 5 12 1 23 4 14 11 10 15 11 2 16
15 14 10 16 20 1 19 7 18 11 17 8 16 18 16 5 2 16 18 4 17 3 24 6 22 17 17 23 14 15 25 22 14 7 23 0 15 8 18 15 24 2 19 9 12 13 8 16 21 9
2 3 5 3 7 14 6 10 5 4 4 11 3 5 3 10 13 3 5 11 4 12 11 9 9 4 4 10 3 2 12 9 1 8 10 15 0 11 5 4 11 15 6 6 3 2 7 3 8 8
11 10 6 12 16 7 15 1 14 7 13 2 12 14 12 3 6 12 14 4 13 5 20 2 18 13 13 19 10 11 21 18 10 3 19 8 11 0 14 11 20 8 15 5 8 9 4 12 17 5
3 6 8 4 2 17 3 13 2 7 7 14 2 8 6 13 16 6 8 14 3 15 6 12 4 7 1 5 6 5 7 4 4 11 5 18 5 14 0 7 6 18 1 9 6 5 10 6 3 11
4 3 5 5 9 14 8 10 7 4 6 11 5 7 5 10 13 5 7 11 6 12 13 9 11 6 6 12 1 4 14 11 3 8 12 15 4 11 7 0 13 15 8 6 3 2 7 5 10 8
9 12 14 10 4 23 9 19 8 13 13 20 8 14 12 19 22 12 14 20 9 21 6 18 4 13 7 5 12 11 7 2 10 17 1 24 11 20 6 13 0 24 5 15 12 11 16 12 3 17
15 14 10 16 20 1 19 7 18 11 17 8 16 18 16 5 2 16 18 4 17 3 24 6 22 17 17 23 14 15 25 22 14 7 23 2 15 8 18 15 24 0 19 9 12 13 8 16 21 9
4 7 9 5 1 18 4 14 3 8 8 15 3 9 7 14 17 7 9 15 4 16 5 13 3 8 2 4 7 6 6 3 5 12 4 19 6 15 1 8 5 19 0 10 7 6 11 7 2 12
6 5 1 7 11 8 10 4 9 2 8 5 7 9 7 4 7 7 9 5 8 6 15 3 13 8 8 14 5 6 16 13 5 2 14 9 6 5 9 6 15 9 10 0 3 4 1 7 12 2
3 2 2 4 8 11 7 7 6 1 5 8 4 6 4 7 10 4 6 8 5 9 12 6 10 5 5 11 2 3 13 10 2 5 11 12 3 8 6 3 12 12 7 3 0 1 4 4 9 5
2 1 3 3 7 12 6 8 5 2 4 9 3 5 3 8 11 3 5 9 4 10 11 7 9 4 4 10 1 2 12 9 1 6 10 13 2 9 5 2 11 13 6 4 1 0 5 3 8 6
7 6 2 8 12 7 11 3 10 3 9 4 8 10 8 3 6 8 10 4 9 5 16 2 14 9 9 15 6 7 17 14 6 1 15 8 7 4 10 7 16 8 11 1 4 5 0 8 13 1
3 4 6 4 8 15 7 11 6 5 3 12 4 4 2 11 14 2 4 12 5 13 12 10 10 3 5 11 4 1 13 10 2 9 11 16 3 12 6 5 12 16 7 7 4 3 8 0 9 9
6 9 11 7 1 20 6 16 5 10 10 17 5 11 9 16 19 9 11 17 6 18 3 15 1 10 4 2 9 8 4 1 7 14 2 21 8 17 3 10 3 21 2 12 9 8 13 9 0 14
8 7 3 9 13 8 12 4 11 4 10 5 9 11 9 4 7 9 11 5 10 6 17 3 15 10 10 16 7 8 18 15 7 2 16 9 8 5 11 8 17 9 12 2 5 6 1 9 14 0
