0 12 3 15 10 6 4 11 9 5 13 3 4 8 9 4 11 15 14 10 14 10 4 9 16 3 2 16 1 13 12 11 2 15 12 14 8 12 11 13 4 6 7 16 3 11 5 5 3 7
12 0 11 17 12 6 12 13 3 13 15 11 10 10 5 14 13 5 16 2 4 12 12 11 6 11 10 18 11 3 14 13 12 5 14 4 4 2 3 15 8 8 5 6 9 1 7 13 13 9
3 11 0 14 9 5 3 10 8 4 12 2 3 7 8 5 10 14 13 9 13 9 3 8 15 2 1 15 2 12 11 10 3 14 11 13 7 11 10 12 3 5 6 15 2 10 4 4 4 6
15 17 14 0 7 11 15 8 14 16 2 14 13 7 14 17 4 20 1 15 19 5 15 6 21 14 13 1 14 18 3 8 15 20 9 19 13 17 16 4 11 9 12 21 12 16 10 16 16 8
10 12 9 7 0 6 10 1 9 11 5 9 8 2 9 12 3 15 6 10 14 2 10 1 16 9 8 8 9 13 4 1 10 15 2 14 8 12 11 5 6 4 7 16 7 11 5 11 11 3
6 6 5 11 6 0 6 7 3 7 9 5 4 4 3 8 7 9 10 4 8 6 6 5 10 5 4 12 5 7 8 7 6 9 8 8 2 6 5 9 2 2 1 10 3 5 1 7 7 3
4 12 3 15 10 6 0 11 9 5 13 3 4 8 9 6 11 15 14 10 14 10 4 9 16 1 2 16 3 13 12 11 4 15 12 14 8 12 11 13 4 6 7 16 3 11 5 1 5 7
11 13 10 8 1 7 11 0 10 12 6 10 9 3 10 13 4 16 7 11 15 3 11 2 17 10 9 9 10 14 5 2 11 16 1 15 9 13 12 6 7 5 8 17 8 12 6 12 12 4
9 3 8 14 9 3 9 10 0 10 12 8 7 7 2 11 10 6 13 1 5 9 9 8 7 8 7 15 8 4 11 10 9 6 11 5 1 3 2 12 5 5 2 7 6 2 4 10 10 6
5 13 4 16 11 7 5 12 10 0 14 2 5 9 10 7 12 16 15 11 15 11 1 10 17 4 3 17 4 14 13 12 5 16 13 15 9 13 12 14 5 7 8 17 4 12 6 6 6 8
13 15 12 2 5 9 13 6 12 14 0 12 11 5 12 15 2 18 1 13 17 3 13 4 19 12 11 3 12 16 1 6 13 18 7 17 11 15 14 2 9 7 10 19 10 14 8 14 14 6
3 11 2 14 9 5 3 10 8 2 12 0 3 7 8 5 10 14 13 9 13 9 1 8 15 2 1 15 2 12 11 10 3 14 11 13 7 11 10 12 3 5 6 15 2 10 4 4 4 6
4 10 3 13 8 4 4 9 7 5 11 3 0 6 7 6 9 13 12 8 12 8 4 7 14 3 2 14 3 11 10 9 4 13 10 12 6 10 9 11 2 4 5 14 1 9 3 5 5 5
8 10 7 7 2 4 8 3 7 9 5 7 6 0 7 10 3 13 6 8 12 2 8 1 14 7 6 8 7 11 4 3 8 13 4 12 6 10 9 5 4 2 5 14 5 9 3 9 9 1
9 5 8 14 9 3 9 10 2 10 12 8 7 7 0 11 10 8 13 3 7 9 9 8 9 8 7 15 8 6 11 10 9 8 11 7 1 5 4 12 5 5 2 9 6 4 4 10 10 6
4 14 5 17 12 8 6 13 11 7 15 5 6 10 11 0 13 17 16 12 16 12 6 11 18 5 4 18 3 15 14 13 2 17 14 16 10 14 13 15 6 8 9 18 5 13 7 7 1 9
11 13 10 4 3 7 11 4 10 12 2 10 9 3 10 13 0 16 3 11 15 1 11 2 17 10 9 5 10 14 1 4 11 16 5 15 9 13 12 2 7 5 8 17 8 12 6 12 12 4
15 5 14 20 15 9 15 16 6 16 18 14 13 13 8 17 16 0 19 5 1 15 15 14 1 14 13 21 14 2 17 16 15 4 17 3 7 3 6 18 11 11 8 1 12 4 10 16 16 12
14 16 13 1 6 10 14 7 13 15 1 13 12 6 13 16 3 19 0 14 18 4 14 5 20 13 12 2 13 17 2 7 14 19 8 18 12 16 15 3 10 8 11 20 11 15 9 15 15 7
10 2 9 15 10 4 10 11 1 11 13 9 8 8 3 12 11 5 14 0 4 10 10 9 6 9 8 16 9 3 12 11 10 5 12 4 2 2 1 13 6 6 3 6 7 1 5 11 11 7
14 4 13 19 14 8 14 15 5 15 17 13 12 12 7 16 15 1 18 4 0 14 14 13 2 13 12 20 13 1 16 15 14 3 16 2 6 2 5 17 10 10 7 2 11 3 9 15 15 11
10 12 9 5 2 6 10 3 9 11 3 9 8 2 9 12 1 15 4 10 14 0 10 1 16 9 8 6 9 13 2 3 10 15 4 14 8 12 11 3 6 4 7 16 7 11 5 11 11 3
4 12 3 15 10 6 4 11 9 1 13 1 4 8 9 6 11 15 14 10 14 10 0 9 16 3 2 16 3 13 12 11 4 15 12 14 8 12 11 13 4 6 7 16 3 11 5 5 5 7
9 11 8 6 1 5 9 2 8 10 4 8 7 1 8 11 2 14 5 9 13 1 9 0 15 8 7 7 8 12 3 2 9 14 3 13 7 11 10 4 5 3 6 15 6 10 4 10 10 2
16 6 15 21 16 10 16 17 7 17 19 15 14 14 9 18 17 1 20 6 2 16 16 15 0 15 14 22 15 3 18 17 16 5 18 4 8 4 7 19 12 12 9 2 13 5 11 17 17 13
3 11 2 14 9 5 1 10 8 4 12 2 3 7 8 5 10 14 13 9 13 9 3 8 15 0 1 15 2 12 11 10 3 14 11 13 7 11 10 12 3 5 6 15 2 10 4 2 4 6
2 10 1 13 8 4 2 9 7 3 11 1 2 6 7 4 9 13 12 8 12 8 2 7 14 1 0 14 1 11 10 9 2 13 10 12 6 10 9 11 2 4 5 14 1 9 3 3 3 5
16 18 15 1 8 12 16 9 15 17 3 15 14 8 15 18 5 21 2 16 20 6 16 7 22 15 14 0 15 19 4 9 16 21 10 20 14 18 17 5 12 10 13 22 13 17 11 17 17 9
1 11 2 14 9 5 3 10 8 4 12 2 3 7 8 3 10 14 13 9 13 9 3 8 15 2 1 15 0 12 11 10 1 14 11 13 7 11 10 12 3 5 6 15 2 10 4 4 2 6
13 3 12 18 13 7 13 14 4 14 16 12 11 11 6 15 14 2 17 3 1 13 13 12 3 12 11 19 12 0 15 14 13 2 15 1 5 1 4 16 9 9 6 3 10 2 8 14 14 10
12 14 11 3 4 8 12 5 11 13 1 11 10 4 11 14 1 17 2 12 16 2 12 3 18 11 10 4 11 15 0 5 12 17 6 16 10 14 13 1 8 6 9 18 9 13 7 13 13 5
11 13 10 8 1 7 11 2 10 12 6 10 9 3 10 13 4 16 7 11 15 3 11 2 17 10 9 9 10 14 5 0 11 16 3 15 9 13 12 6 7 5 8 17 8 12 6 12 12 4
2 12 3 15 10 6 4 11 9 5 13 3 4 8 9 2 11 15 14 10 14 10 4 9 16 3 2 16 1 13 12 11 0 15 12 14 8 12 11 13 4 6 7 16 3 11 5 5 1 7
15 5 14 20 15 9 15 16 6 16 18 14 13 13 8 17 16 4 19 5 3 15 15 14 5 14 13 21 14 2 17 16 15 0 17 1 7 3 6 18 11 11 8 5 12 4 10 16 16 12
12 14 11 9 2 8 12 1 11 13 7 11 10 4 11 14 5 17 8 12 16 4 12 3 18 11 10 10 11 15 6 3 12 17 0 16 10 14 13 7 8 6 9 18 9 13 7 13 13 5
14 4 13 19 14 8 14 15 5 15 17 13 12 12 7 16 15 3 18 4 2 14 14 13 4 13 12 20 13 1 16 15 14 1 16 0 6 2 5 17 10 10 7 4 11 3 9 15 15 11
8 4 7 13 8 2 8 9 1 9 11 7 6 6 1 10 9 7 12 2 6 8 8 7 8 7 6 14 7 5 10 9 8 7 10 6 0 4 3 11 4 4 1 8 5 3 3 9 9 5
12 2 11 17 12 6 12 13 3 13 15 11 10 10 5 14 13 3 16 2 2 12 12 11 4 11 10 18 11 1 14 13 12 3 14 2 4 0 3 15 8 8 5 4 9 1 7 13 13 9
11 3 10 16 11 5 11 12 2 12 14 10 9 9 4 13 12 6 15 1 5 11 11 10 7 10 9 17 10 4 13 12 11 6 13 5 3 3 0 14 7 7 4 7 8 2 6 12 12 8
13 15 12 4 5 9 13 6 12 14 2 12 11 5 12 15 2 18 3 13 17 3 13 4 19 12 11 5 12 16 1 6 13 18 7 17 11 15 14 0 9 7 10 19 10 14 8 14 14 6
4 8 3 11 6 2 4 7 5 5 9 3 2 4 5 6 7 11 10 6 10 6 4 5 12 3 2 12 3 9 8 7 4 11 8 10 4 8 7 9 0 2 3 12 1 7 1 5 5 3
6 8 5 9 4 2 6 5 5 7 7 5 4 2 5 8 5 11 8 6 10 4 6 3 12 5 4 10 5 9 6 5 6 11 6 10 4 8 7 7 2 0 3 12 3 7 1 7 7 1
7 5 6 12 7 1 7 8 2 8 10 6 5 5 2 9 8 8 11 3 7 7 7 6 9 6 5 13 6 6 9 8 7 8 9 7 1 5 4 10 3 3 0 9 4 4 2 8 8 4
16 6 15 21 16 10 16 17 7 17 19 15 14 14 9 18 17 1 20 6 2 16 16 15 2 15 14 22 15 3 18 17 16 5 18 4 8 4 7 19 12 12 9 0 13 5 11 17 17 13
3 9 2 12 7 3 3 8 6 4 10 2 1 5 6 5 8 12 11 7 11 7 3 6 13 2 1 13 2 10 9 8 3 12 9 11 5 9 8 10 1 3 4 13 0 8 2 4 4 4
11 1 10 16 11 5 11 12 2 12 14 10 9 9 4 13 12 4 15 1 3 11 11 10 5 10 9 17 10 2 13 12 11 4 13 3 3 1 2 14 7 7 4 5 8 0 6 12 12 8
5 7 4 10 5 1 5 6 4 6 8 4 3 3 4 7 6 10 9 5 9 5 5 4 11 4 3 11 4 8 7 6 5 10 7 9 3 7 6 8 1 1 2 11 2 6 0 6 6 2
5 13 4 16 11 7 1 12 10 6 14 4 5 9 10 7 12 16 15 11 15 11 5 10 17 2 3 17 4 14 13 12 5 16 13 15 9 13 12 14 5 7 8 17 4 12 6 0 6 8
3 13 4 16 11 7 5 12 10 6 14 4 5 9 10 1 12 16 15 11 15 11 5 10 17 4 3 17 2 14 13 12 1 16 13 15 9 13 12 14 5 7 8 17 4 12 6 6 0 8
7 9 6 8 3 3 7 4 6 8 6 6 5 1 6 9 4 12 7 7 11 3 7 2 13 6 5 9 6 10 5 4 7 12 5 11 5 9 8 6 3 1 4 13 4 8 2 8 8 0
