0 12 18 3 11 14 8 5 9 7 12 13 4 6 6 3 19 11 9 19 10 5 5 8 13 3 19 15 3 4 14 2 7 17 10 2 12 10 4 15 20 1 4 15 9 11 15 4 14 16
12 0 28 13 21 4 4 15 19 17 2 3 14 16 6 13 29 1 3 29 20 7 15 18 23 9 29 5 13 14 24 12 5 27 2 10 22 20 14 25 30 11 8 5 19 21 25 14 24 26
18 28 0 17 7 30 24 17 9 11 28 29 14 12 22 17 1 27 25 1 8 21 13 10 5 19 1 31 15 16 6 16 23 1 26 18 6 10 16 7 2 17 20 31 11 11 3 18 4 2
3 13 17 0 10 15 9 4 8 6 13 14 3 5 7 2 18 12 10 18 9 6 4 7 12 4 18 16 2 3 13 1 8 16 11 3 11 9 3 14 19 2 5 16 8 10 14 1 13 15
11 21 7 10 0 23 17 10 2 4 21 22 7 5 15 10 8 20 18 8 1 14 6 3 2 12 8 24 8 9 3 9 16 6 19 11 1 3 9 4 9 10 13 24 4 4 4 11 3 5
14 4 30 15 23 0 6 17 21 19 2 1 16 18 8 15 31 3 5 31 22 9 17 20 25 11 31 1 15 16 26 14 7 29 4 12 24 22 16 27 32 13 10 1 21 23 27 16 26 28
8 4 24 9 17 6 0 11 15 13 4 5 10 12 2 9 25 3 1 25 16 3 11 14 19 5 25 7 9 10 20 8 1 23 2 6 18 16 10 21 26 7 4 7 15 17 21 10 20 22
5 15 17 4 10 17 11 0 8 6 15 16 3 5 9 4 18 14 12 18 9 8 4 7 12 6 18 18 2 3 13 3 10 16 13 5 11 9 1 14 19 4 7 18 8 10 14 5 13 15
9 19 9 8 2 21 15 8 0 2 19 20 5 3 13 8 10 18 16 10 1 12 4 1 4 10 10 22 6 7 5 7 14 8 17 9 3 1 7 6 11 8 11 22 2 2 6 9 5 7
7 17 11 6 4 19 13 6 2 0 17 18 3 1 11 6 12 16 14 12 3 10 2 1 6 8 12 20 4 5 7 5 12 10 15 7 5 3 5 8 13 6 9 20 2 4 8 7 7 9
12 2 28 13 21 2 4 15 19 17 0 1 14 16 6 13 29 1 3 29 20 7 15 18 23 9 29 3 13 14 24 12 5 27 2 10 22 20 14 25 30 11 8 3 19 21 25 14 24 26
13 3 29 14 22 1 5 16 20 18 1 0 15 17 7 14 30 2 4 30 21 8 16 19 24 10 30 2 14 15 25 13 6 28 3 11 23 21 15 26 31 12 9 2 20 22 26 15 25 27
4 14 14 3 7 16 10 3 5 3 14 15 0 2 8 3 15 13 11 15 6 7 1 4 9 5 15 17 1 2 10 2 9 13 12 4 8 6 2 11 16 3 6 17 5 7 11 4 10 12
6 16 12 5 5 18 12 5 3 1 16 17 2 0 10 5 13 15 13 13 4 9 1 2 7 7 13 19 3 4 8 4 11 11 14 6 6 4 4 9 14 5 8 19 3 5 9 6 8 10
6 6 22 7 15 8 2 9 13 11 6 7 8 10 0 7 23 5 3 23 14 1 9 12 17 3 23 9 7 8 18 6 1 21 4 4 16 14 8 19 24 5 2 9 13 15 19 8 18 20
3 13 17 2 10 15 9 4 8 6 13 14 3 5 7 0 18 12 10 18 9 6 4 7 12 4 18 16 2 3 13 1 8 16 11 3 11 9 3 14 19 2 5 16 8 10 14 3 13 15
19 29 1 18 8 31 25 18 10 12 29 30 15 13 23 18 0 28 26 2 9 22 14 11 6 20 2 32 16 17 7 17 24 2 27 19 7 11 17 8 1 18 21 32 12 12 4 19 5 3
11 1 27 12 20 3 3 14 18 16 1 2 13 15 5 12 28 0 2 28 19 6 14 17 22 8 28 4 12 13 23 11 4 26 1 9 21 19 13 24 29 10 7 4 18 20 24 13 23 25
9 3 25 10 18 5 1 12 16 14 3 4 11 13 3 10 26 2 0 26 17 4 12 15 20 6 26 6 10 11 21 9 2 24 1 7 19 17 11 22 27 8 5 6 16 18 22 11 21 23
19 29 1 18 8 31 25 18 10 12 29 30 15 13 23 18 2 28 26 0 9 22 14 11 6 20 2 32 16 17 7 17 24 2 27 19 7 11 17 8 3 18 21 32 12 12 4 19 5 3
10 20 8 9 1 22 16 9 1 3 20 21 6 4 14 9 9 19 17 9 0 13 5 2 3 11 9 23 7 8 4 8 15 7 18 10 2 2 8 5 10 9 12 23 3 3 5 10 4 6
5 7 21 6 14 9 3 8 12 10 7 8 7 9 1 6 22 6 4 22 13 0 8 11 16 2 22 10 6 7 17 5 2 20 5 3 15 13 7 18 23 4 1 10 12 14 18 7 17 19
5 15 13 4 6 17 11 4 4 2 15 16 1 1 9 4 14 14 12 14 5 8 0 3 8 6 14 18 2 3 9 3 10 12 13 5 7 5 3 10 15 4 7 18 4 6 10 5 9 11
8 18 10 7 3 20 14 7 1 1 18 19 4 2 12 7 11 17 15 11 2 11 3 0 5 9 11 21 5 6 6 6 13 9 16 8 4 2 6 7 12 7 10 21 1 3 7 8 6 8
13 23 5 12 2 25 19 12 4 6 23 24 9 7 17 12 6 22 20 6 3 16 8 5 0 14 6 26 10 11 1 11 18 4 21 13 1 5 11 2 7 12 15 26 6 6 2 13 1 3
3 9 19 4 12 11 5 6 10 8 9 10 5 7 3 4 20 8 6 20 11 2 6 9 14 0 20 12 4 5 15 3 4 18 7 1 13 11 5 16 21 2 1 12 10 12 16 5 15 17
19 29 1 18 8 31 25 18 10 12 29 30 15 13 23 18 2 28 26 2 9 22 14 11 6 20 0 32 16 17 7 17 24 2 27 19 7 11 17 8 3 18 21 32 12 12 4 19 5 3
15 5 31 16 24 1 7 18 22 20 3 2 17 19 9 16 32 4 6 32 23 10 18 21 26 12 32 0 16 17 27 15 8 30 5 13 25 23 17 28 33 14 11 2 22 24 28 17 27 29
3 13 15 2 8 15 9 2 6 4 13 14 1 3 7 2 16 12 10 16 7 6 2 5 10 4 16 16 0 1 11 1 8 14 11 3 9 7 1 12 17 2 5 16 6 8 12 3 11 13
4 14 16 3 9 16 10 3 7 5 14 15 2 4 8 3 17 13 11 17 8 7 3 6 11 5 17 17 1 0 12 2 9 15 12 4 10 8 2 13 18 3 6 17 7 9 13 4 12 14
14 24 6 13 3 26 20 13 5 7 24 25 10 8 18 13 7 23 21 7 4 17 9 6 1 15 7 27 11 12 0 12 19 5 22 14 2 6 12 1 8 13 16 27 7 7 3 14 2 4
2 12 16 1 9 14 8 3 7 5 12 13 2 4 6 1 17 11 9 17 8 5 3 6 11 3 17 15 1 2 12 0 7 15 10 2 10 8 2 13 18 1 4 15 7 9 13 2 12 14
7 5 23 8 16 7 1 10 14 12 5 6 9 11 1 8 24 4 2 24 15 2 10 13 18 4 24 8 8 9 19 7 0 22 3 5 17 15 9 20 25 6 3 8 14 16 20 9 19 21
17 27 1 16 6 29 23 16 8 10 27 28 13 11 21 16 2 26 24 2 7 20 12 9 4 18 2 30 14 15 5 15 22 0 25 17 5 9 15 6 3 16 19 30 10 10 2 17 3 1
10 2 26 11 19 4 2 13 17 15 2 3 12 14 4 11 27 1 1 27 18 5 13 16 21 7 27 5 11 12 22 10 3 25 0 8 20 18 12 23 28 9 6 5 17 19 23 12 22 24
2 10 18 3 11 12 6 5 9 7 10 11 4 6 4 3 19 9 7 19 10 3 5 8 13 1 19 13 3 4 14 2 5 17 8 0 12 10 4 15 20 1 2 13 9 11 15 4 14 16
12 22 6 11 1 24 18 11 3 5 22 23 8 6 16 11 7 21 19 7 2 15 7 4 1 13 7 25 9 10 2 10 17 5 20 12 0 4 10 3 8 11 14 25 5 5 3 12 2 4
10 20 10 9 3 22 16 9 1 3 20 21 6 4 14 9 11 19 17 11 2 13 5 2 5 11 11 23 7 8 6 8 15 9 18 10 4 0 8 7 12 9 12 23 3 1 7 10 6 8
4 14 16 3 9 16 10 1 7 5 14 15 2 4 8 3 17 13 11 17 8 7 3 6 11 5 17 17 1 2 12 2 9 15 12 4 10 8 0 13 18 3 6 17 7 9 13 4 12 14
15 25 7 14 4 27 21 14 6 8 25 26 11 9 19 14 8 24 22 8 5 18 10 7 2 16 8 28 12 13 1 13 20 6 23 15 3 7 13 0 9 14 17 28 8 8 4 15 3 5
20 30 2 19 9 32 26 19 11 13 30 31 16 14 24 19 1 29 27 3 10 23 15 12 7 21 3 33 17 18 8 18 25 3 28 20 8 12 18 9 0 19 22 33 13 13 5 20 6 4
1 11 17 2 10 13 7 4 8 6 11 12 3 5 5 2 18 10 8 18 9 4 4 7 12 2 18 14 2 3 13 1 6 16 9 1 11 9 3 14 19 0 3 14 8 10 14 3 13 15
4 8 20 5 13 10 4 7 11 9 8 9 6 8 2 5 21 7 5 21 12 1 7 10 15 1 21 11 5 6 16 4 3 19 6 2 14 12 6 17 22 3 0 11 11 13 17 6 16 18
15 5 31 16 24 1 7 18 22 20 3 2 17 19 9 16 32 4 6 32 23 10 18 21 26 12 32 2 16 17 27 15 8 30 5 13 25 23 17 28 33 14 11 0 22 24 28 17 27 29
9 19 11 8 4 21 15 8 2 2 19 20 5 3 13 8 12 18 16 12 3 12 4 1 6 10 12 22 6 7 7 7 14 10 17 9 5 3 7 8 13 8 11 22 0 4 8 9 7 9
11 21 11 10 4 23 17 10 2 4 21 22 7 5 15 10 12 20 18 12 3 14 6 3 6 12 12 24 8 9 7 9 16 10 19 11 5 1 9 8 13 10 13 24 4 0 8 11 7 9
15 25 3 14 4 27 21 14 6 8 25 26 11 9 19 14 4 24 22 4 5 18 10 7 2 16 4 28 12 13 3 13 20 2 23 15 3 7 13 4 5 14 17 28 8 8 0 15 1 1
4 14 18 1 11 16 10 5 9 7 14 15 4 6 8 3 19 13 11 19 10 7 5 8 13 5 19 17 3 4 14 2 9 17 12 4 12 10 4 15 20 3 6 17 9 11 15 0 14 16
14 24 4 13 3 26 20 13 5 7 24 25 10 8 18 13 5 23 21 5 4 17 9 6 1 15 5 27 11 12 2 12 19 3 22 14 2 6 12 3 6 13 16 27 7 7 1 14 0 2
16 26 2 15 5 28 22 15 7 9 26 27 12 10 20 15 3 25 23 3 6 19 11 8 3 17 3 29 13 14 4 14 21 1 24 16 4 8 14 5 4 15 18 29 9 9 1 16 2 0
