0 14 3 11 13 2 14 9 8 7 2 3 5 4 12 9 3 8 2 10 3 3 7 5 4 7 4 12 15 11 2 13 1 6 15 2 14 9 5 6 5 16 1 4 8 3 3 13 10 12
14 0 13 19 21 14 22 5 8 15 12 17 19 18 20 17 17 16 16 18 15 13 15 13 18 7 10 2 23 3 16 5 13 14 7 14 6 17 19 8 9 8 15 12 6 11 15 1 4 4
3 13 0 10 12 3 13 8 7 6 1 6 8 7 11 8 6 7 5 9 4 2 6 4 7 6 3 11 14 10 5 12 2 5 14 3 13 8 8 5 4 15 4 3 7 2 4 12 9 11
11 19 10 0 2 11 3 14 13 4 9 14 16 15 1 2 14 3 13 1 12 10 6 6 15 12 9 17 4 16 13 18 10 5 20 11 19 4 16 11 10 21 12 7 13 8 12 18 15 17
13 21 12 2 0 13 1 16 15 6 11 16 18 17 1 4 16 5 15 3 14 12 8 8 17 14 11 19 2 18 15 20 12 7 22 13 21 6 18 13 12 23 14 9 15 10 14 20 17 19
2 14 3 11 13 0 14 9 8 7 2 5 7 6 12 9 5 8 4 10 3 3 7 5 6 7 4 12 15 11 4 13 1 6 15 2 14 9 7 6 5 16 3 4 8 3 1 13 10 12
14 22 13 3 1 14 0 17 16 7 12 17 19 18 2 5 17 6 16 4 15 13 9 9 18 15 12 20 1 19 16 21 13 8 23 14 22 7 19 14 13 24 15 10 16 11 15 21 18 20
9 5 8 14 16 9 17 0 3 10 7 12 14 13 15 12 12 11 11 13 10 8 10 8 13 2 5 3 18 2 11 4 8 9 6 9 5 12 14 3 4 7 10 7 1 6 10 4 1 3
8 8 7 13 15 8 16 3 0 9 6 11 13 12 14 11 11 10 10 12 9 7 9 7 12 1 4 6 17 5 10 7 7 8 9 8 8 11 13 2 3 10 9 6 2 5 9 7 4 6
7 15 6 4 6 7 7 10 9 0 5 10 12 11 5 2 10 1 9 3 8 6 2 2 11 8 5 13 8 12 9 14 6 1 16 7 15 2 12 7 6 17 8 3 9 4 8 14 11 13
2 12 1 9 11 2 12 7 6 5 0 5 7 6 10 7 5 6 4 8 3 1 5 3 6 5 2 10 13 9 4 11 1 4 13 2 12 7 7 4 3 14 3 2 6 1 3 11 8 10
3 17 6 14 16 5 17 12 11 10 5 0 6 1 15 12 4 11 1 13 6 6 10 8 5 10 7 15 18 14 3 16 4 9 18 5 17 12 2 9 8 19 2 7 11 6 6 16 13 15
5 19 8 16 18 7 19 14 13 12 7 6 0 7 17 14 2 13 5 15 8 8 12 10 1 12 9 17 20 16 3 18 6 11 20 7 19 14 8 11 10 21 4 9 13 8 8 18 15 17
4 18 7 15 17 6 18 13 12 11 6 1 7 0 16 13 5 12 2 14 7 7 11 9 6 11 8 16 19 15 4 17 5 10 19 6 18 13 1 10 9 20 3 8 12 7 7 17 14 16
12 20 11 1 1 12 2 15 14 5 10 15 17 16 0 3 15 4 14 2 13 11 7 7 16 13 10 18 3 17 14 19 11 6 21 12 20 5 17 12 11 22 13 8 14 9 13 19 16 18
9 17 8 2 4 9 5 12 11 2 7 12 14 13 3 0 12 1 11 1 10 8 4 4 13 10 7 15 6 14 11 16 8 3 18 9 17 2 14 9 8 19 10 5 11 6 10 16 13 15
3 17 6 14 16 5 17 12 11 10 5 4 2 5 15 12 0 11 3 13 6 6 10 8 1 10 7 15 18 14 1 16 4 9 18 5 17 12 6 9 8 19 2 7 11 6 6 16 13 15
8 16 7 3 5 8 6 11 10 1 6 11 13 12 4 1 11 0 10 2 9 7 3 3 12 9 6 14 7 13 10 15 7 2 17 8 16 1 13 8 7 18 9 4 10 5 9 15 12 14
2 16 5 13 15 4 16 11 10 9 4 1 5 2 14 11 3 10 0 12 5 5 9 7 4 9 6 14 17 13 2 15 3 8 17 4 16 11 3 8 7 18 1 6 10 5 5 15 12 14
10 18 9 1 3 10 4 13 12 3 8 13 15 14 2 1 13 2 12 0 11 9 5 5 14 11 8 16 5 15 12 17 9 4 19 10 18 3 15 10 9 20 11 6 12 7 11 17 14 16
3 15 4 12 14 3 15 10 9 8 3 6 8 7 13 10 6 9 5 11 0 4 8 6 7 8 5 13 16 12 5 14 2 7 16 1 15 10 8 7 6 17 4 5 9 4 4 14 11 13
3 13 2 10 12 3 13 8 7 6 1 6 8 7 11 8 6 7 5 9 4 0 6 4 7 6 3 11 14 10 5 12 2 5 14 3 13 8 8 5 4 15 4 3 7 2 4 12 9 11
7 15 6 6 8 7 9 10 9 2 5 10 12 11 7 4 10 3 9 5 8 6 0 2 11 8 5 13 10 12 9 14 6 1 16 7 15 4 12 7 6 17 8 3 9 4 8 14 11 13
5 13 4 6 8 5 9 8 7 2 3 8 10 9 7 4 8 3 7 5 6 4 2 0 9 6 3 11 10 10 7 12 4 1 14 5 13 4 10 5 4 15 6 1 7 2 6 12 9 11
4 18 7 15 17 6 18 13 12 11 6 5 1 6 16 13 1 12 4 14 7 7 11 9 0 11 8 16 19 15 2 17 5 10 19 6 18 13 7 10 9 20 3 8 12 7 7 17 14 16
7 7 6 12 14 7 15 2 1 8 5 10 12 11 13 10 10 9 9 11 8 6 8 6 11 0 3 5 16 4 9 6 6 7 8 7 7 10 12 1 2 9 8 5 1 4 8 6 3 5
4 10 3 9 11 4 12 5 4 5 2 7 9 8 10 7 7 6 6 8 5 3 5 3 8 3 0 8 13 7 6 9 3 4 11 4 10 7 9 2 1 12 5 2 4 1 5 9 6 8
12 2 11 17 19 12 20 3 6 13 10 15 17 16 18 15 15 14 14 16 13 11 13 11 16 5 8 0 21 1 14 3 11 12 5 12 4 15 17 6 7 6 13 10 4 9 13 1 2 2
15 23 14 4 2 15 1 18 17 8 13 18 20 19 3 6 18 7 17 5 16 14 10 10 19 16 13 21 0 20 17 22 14 9 24 15 23 8 20 15 14 25 16 11 17 12 16 22 19 21
11 3 10 16 18 11 19 2 5 12 9 14 16 15 17 14 14 13 13 15 12 10 12 10 15 4 7 1 20 0 13 2 10 11 4 11 3 14 16 5 6 5 12 9 3 8 12 2 1 1
2 16 5 13 15 4 16 11 10 9 4 3 3 4 14 11 1 10 2 12 5 5 9 7 2 9 6 14 17 13 0 15 3 8 17 4 16 11 5 8 7 18 1 6 10 5 5 15 12 14
13 5 12 18 20 13 21 4 7 14 11 16 18 17 19 16 16 15 15 17 14 12 14 12 17 6 9 3 22 2 15 0 12 13 2 13 1 16 18 7 8 3 14 11 5 10 14 4 3 1
1 13 2 10 12 1 13 8 7 6 1 4 6 5 11 8 4 7 3 9 2 2 6 4 5 6 3 11 14 10 3 12 0 5 14 1 13 8 6 5 4 15 2 3 7 2 2 12 9 11
6 14 5 5 7 6 8 9 8 1 4 9 11 10 6 3 9 2 8 4 7 5 1 1 10 7 4 12 9 11 8 13 5 0 15 6 14 3 11 6 5 16 7 2 8 3 7 13 10 12
15 7 14 20 22 15 23 6 9 16 13 18 20 19 21 18 18 17 17 19 16 14 16 14 19 8 11 5 24 4 17 2 14 15 0 15 1 18 20 9 10 1 16 13 7 12 16 6 5 3
2 14 3 11 13 2 14 9 8 7 2 5 7 6 12 9 5 8 4 10 1 3 7 5 6 7 4 12 15 11 4 13 1 6 15 0 14 9 7 6 5 16 3 4 8 3 3 13 10 12
14 6 13 19 21 14 22 5 8 15 12 17 19 18 20 17 17 16 16 18 15 13 15 13 18 7 10 4 23 3 16 1 13 14 1 14 0 17 19 8 9 2 15 12 6 11 15 5 4 2
9 17 8 4 6 9 7 12 11 2 7 12 14 13 5 2 12 1 11 3 10 8 4 4 13 10 7 15 8 14 11 16 8 3 18 9 17 0 14 9 8 19 10 5 11 6 10 16 13 15
5 19 8 16 18 7 19 14 13 12 7 2 8 1 17 14 6 13 3 15 8 8 12 10 7 12 9 17 20 16 5 18 6 11 20 7 19 14 0 11 10 21 4 9 13 8 8 18 15 17
6 8 5 11 13 6 14 3 2 7 4 9 11 10 12 9 9 8 8 10 7 5 7 5 10 1 2 6 15 5 8 7 5 6 9 6 8 9 11 0 1 10 7 4 2 3 7 7 4 6
5 9 4 10 12 5 13 4 3 6 3 8 10 9 11 8 8 7 7 9 6 4 6 4 9 2 1 7 14 6 7 8 4 5 10 5 9 8 10 1 0 11 6 3 3 2 6 8 5 7
16 8 15 21 23 16 24 7 10 17 14 19 21 20 22 19 19 18 18 20 17 15 17 15 20 9 12 6 25 5 18 3 15 16 1 16 2 19 21 10 11 0 17 14 8 13 17 7 6 4
1 15 4 12 14 3 15 10 9 8 3 2 4 3 13 10 2 9 1 11 4 4 8 6 3 8 5 13 16 12 1 14 2 7 16 3 15 10 4 7 6 17 0 5 9 4 4 14 11 13
4 12 3 7 9 4 10 7 6 3 2 7 9 8 8 5 7 4 6 6 5 3 3 1 8 5 2 10 11 9 6 11 3 2 13 4 12 5 9 4 3 14 5 0 6 1 5 11 8 10
8 6 7 13 15 8 16 1 2 9 6 11 13 12 14 11 11 10 10 12 9 7 9 7 12 1 4 4 17 3 10 5 7 8 7 8 6 11 13 2 3 8 9 6 0 5 9 5 2 4
3 11 2 8 10 3 11 6 5 4 1 6 8 7 9 6 6 5 5 7 4 2 4 2 7 4 1 9 12 8 5 10 2 3 12 3 11 6 8 3 2 13 4 1 5 0 4 10 7 9
3 15 4 12 14 1 15 10 9 8 3 6 8 7 13 10 6 9 5 11 4 4 8 6 7 8 5 13 16 12 5 14 2 7 16 3 15 10 8 7 6 17 4 5 9 4 0 14 11 13
13 1 12 18 20 13 21 4 7 14 11 16 18 17 19 16 16 15 15 17 14 12 14 12 17 6 9 1 22 2 15 4 12 13 6 13 5 16 18 7 8 7 14 11 5 10 14 0 3 3
10 4 9 15 17 10 18 1 4 11 8 13 15 14 16 13 13 12 12 14 11 9 11 9 14 3 6 2 19 1 12 3 9 10 5 10 4 13 15 4 5 6 11 8 2 7 11 3 0 2
12 4 11 17 19 12 20 3 6 13 10 15 17 16 18 15 15 14 14 16 13 11 13 11 16 5 8 2 21 1 14 1 11 12 3 12 2 15 17 6 7 4 13 10 4 9 13 3 2 0
